2018-11-08 11:49:07.361000,3.4341356000492436,-2.5311080160836514,-0.31937945981669214,1.4455193044552304,0.5067487883779307,-1.716550049450715,-0.11210824104945111,-0.3804422979965492,0.8777135797087129,0.9526067068075753,1.3264889631380272,-0.37250762441362456,0.014088704383757977,-0.788198394699128,-0.671126704449097
2018-11-08 11:49:07.427000,3.4332576109317596,-2.4139965866903386,-0.3022512236267467,1.331778738161219,0.49273403359677825,-1.7616572584329415,-0.09591795829319744,-0.5803969250708985,0.584916957393163,1.1936552352055823,1.2845399225237297,-0.11131637482919696,-0.13872812567263992,-0.6814347131366825,-0.07194937970349306
2018-11-08 11:49:07.496000,3.346124380555896,-2.5159221616145135,-0.3757499056949385,1.2224999804376377,0.38820904545765167,-1.5797671530829758,0.14734432369976436,-0.7037716258481449,0.511848404994502,1.0425151323420012,1.3193768246426874,-0.3134478720687993,0.20522213752041585,-0.557163023429399,-0.6931488962022289
2018-11-08 11:49:07.563000,2.946567315179558,-2.685095300171155,-0.41540739559988804,1.6801626770843776,0.2647535915873799,-1.4845956505852307,0.306690343904373,-0.5842417672337323,0.5373082155944289,0.7620088219545599,1.6539882660419167,0.0035703112071809873,0.005654974932285728,-0.2674807535273812,-0.4708400882699258
2018-11-08 11:49:07.630000,3.0283464524974457,-2.6406063852258823,-0.48202389286557135,1.188805795984865,0.4387665911978118,-0.992522215002652,0.3590082558660504,-0.5242897834482992,0.1583781600428868,0.7116144563383711,1.3519072754997867,-0.28207083662971383,0.1492952296262754,-0.19692812361288028,-0.06695872322805911
2018-11-08 11:49:07.697000,2.787077342902907,-2.6323064599434125,-0.6796140236245228,1.1578967832560283,0.3438906416578773,-1.1068946551578533,0.7434782184424693,-0.538758888213518,0.034349135415473936,0.4199142795215858,1.143594954604317,-0.05347154661704476,0.43940478339946554,0.02474876941436957,-0.07522001483670225
2018-11-08 11:49:07.764000,2.5114549435732414,-2.641025960162665,-0.9536784583236213,0.8597596550244608,0.4745216857539759,-0.8034803064373236,1.3006337869500526,-0.4463061175762225,0.12944981083218154,-0.012647773547558777,1.0043435532476774,-0.23943183999057222,0.5145989665076987,0.27964111971187045,0.21782108998465405
2018-11-08 11:49:07.832000,2.0272865570359713,-2.3967066811548228,-0.46509210508704923,0.9084168520069127,0.6045133178598578,-0.6817140201437965,1.9155390783068098,-0.36392125951095766,0.4319949609668968,-0.3108229621768117,0.6198906491864147,0.29805126845244767,0.455847047480995,0.04623790531510463,-0.14639109043779475
2018-11-08 11:49:07.899000,1.797494676837177,-1.9267516155531923,-0.9485728268319058,0.7685823674031724,0.37366586763058396,-0.2452565996446807,2.096507277331427,-0.07655077871279956,0.09368570979521035,0.023049398152785644,0.09234021877444175,0.33735193971728855,0.5132831209446661,-0.15651955620434488,0.4826461110220058
2018-11-08 11:49:07.966000,1.1376620602938066,-1.8547448195756067,-1.0850683516047546,1.1997590324654706,0.39296634470822134,-0.0890720944785735,2.3241193889426435,-0.012381449423210796,-0.17844091224242345,-0.32604442901102276,-0.13708605133448423,0.4445199119946694,0.25442021901168105,0.23536981743028088,0.35850780721400693
2018-11-08 11:49:08.033000,0.8856452419783376,-1.5932543479316168,-0.690187217192989,0.5904701317391228,0.3993581184348509,0.16729841785500546,2.432975107916009,-0.14323434463503393,-0.01119618086527327,-0.4646031929009378,-0.26705325924105494,0.49371987721218163,0.33254510081718347,-0.1794805996490736,0.42480403822304375
2018-11-08 11:49:08.100000,0.5853237943085317,-1.062244488644323,-1.0213827140109997,0.6136436920986972,0.5603178118712302,-0.007269364596921769,2.438477078507392,-0.47923275176031593,-0.11356138829298626,-0.4836882666207495,0.0493152904124812,0.18695690711872387,0.5281032425799554,-0.16338888332931958,1.0465258924970704
2018-11-08 11:49:08.167000,-0.11037239586117265,-0.6418335550292419,-1.8799636705991307,0.6937608104734176,0.8006089284763171,0.3513327358810964,1.8779863047475782,-0.5699931817553759,0.22121991119574025,-0.2993903626244125,0.13543005848590867,0.35441206447675344,0.24415613118659324,-0.3025549311937158,0.32981249014165387
2018-11-08 11:49:08.235000,-1.0365348771029672,-0.20327048451421625,-1.3766523267608317,0.4145378197043268,0.4329229889118371,0.233350091869239,1.1520474985333986,-0.12250107797255178,0.09983458672215606,-0.020435195895132527,0.681494818861411,0.3742346633823134,0.007854734642646091,-0.39640353223105873,-0.013650715863486748
2018-11-08 11:49:08.302000,-1.6710447676843414,-0.2004687356403873,-1.013841482482363,0.3419060519490643,0.3726458243421228,0.25371959015804757,0.23301055260455905,-0.09905759009714382,-0.08004216935355349,0.1331863156214477,0.207311149485705,0.479013718372197,-0.11230398480065504,-0.05848579187006428,-0.31161293341203294
2018-11-08 11:49:08.368000,-1.6425930126555344,-0.16534444692607791,-1.2059639465926355,0.2389203141373956,0.6395110856182634,0.4116153531729136,-0.029784592269922583,0.06830649237782954,-0.19282064062990362,0.2027076876686279,-0.0057204823020497175,0.42573678981189794,-0.11663044919018625,-0.055353025325274474,-0.26729447732080136
2018-11-08 11:49:08.437000,-1.974243062330894,-0.31976470378511246,-0.944657186392678,0.050520661481292556,0.5939046966864767,0.4361942952036539,-0.2551346053245613,-0.19029203213999757,-0.3235003259560638,0.024871132642399735,0.10456374448947477,0.2677096495838899,-0.005282323835351696,0.2923751587346153,-0.06339778098739068
2018-11-08 11:49:08.504000,-1.9001536321348316,-0.18441844228193283,-1.140743879192549,0.30482895371780405,0.6788901634654728,0.34934507895240485,-0.345347716200973,-0.3349747854118545,-0.22596546170722034,-0.09967382367910949,0.1516249039556816,0.00456431170151185,0.1446728723859199,0.3570291155302665,-0.0029523924381183314
2018-11-08 11:49:08.570000,-1.8913147291132708,-0.21879889981258227,-1.202628205254606,0.2983626619012647,0.8078464318556058,0.36958352108984643,-0.37417391248606213,-0.4210087484053913,-0.23199588279397548,-0.10411791302208603,0.2484727725402756,-0.033427599049380044,0.22727448552880575,0.47403492605164044,0.1909219633203716
2018-11-08 11:49:08.638000,-1.8456321614965887,-0.1841675295385195,-1.3088243141160156,0.3802295792402086,0.8722730528231077,0.37934341194514165,-0.38473829117379943,-0.4514088373494517,-0.23886976420604844,-0.1517614924014136,0.3085603140475337,-0.07740158308983586,0.35896464761508395,0.42980401687081093,0.147080485297387
2018-11-08 11:49:08.706000,-1.8073060799262604,-0.14928332031243663,-1.4186234193625555,0.4061580225317126,0.9339597792839336,0.3831630532898303,-0.421421781123835,-0.4145033481209861,-0.18947586090075286,-0.09205851896245414,0.24625567349956234,-0.15381666599139412,0.29105022952764453,0.4121571445259441,0.3262572472262603
2018-11-08 11:49:08.773000,-1.8459027899571843,-0.18397003543476115,-1.3451884700933217,0.41219318688638906,0.891317387020574,0.36011623950807675,-0.3963794714617983,-0.46079993962553817,-0.21087780221583327,-0.11995150335453217,0.2838647329179332,-0.0711724356135588,0.37120908055798446,0.4185719633967161,0.2672035202014589
2018-11-08 11:49:08.840000,-1.8484431698808383,-0.21372020137332573,-1.3364516348972793,0.2737234084737109,0.9189911334159102,0.3916639289243848,-0.37048775803896017,-0.5106830230224002,-0.23820605079872437,-0.07919616512190765,0.2995557273153475,0.009039792667491733,0.34147600067425943,0.5367747988158467,0.23344177301144198
2018-11-08 11:49:08.906000,-1.8567618102135772,-0.21381362430905082,-1.359319356357766,0.3235773603927825,0.9064145519383404,0.3924120242093517,-0.3860490126598391,-0.46733154525379644,-0.22759596633599985,-0.1142566096965873,0.292161914014313,0.022026839107312575,0.339795851329282,0.48412976576921074,0.22851285598838672
2018-11-08 11:49:08.975000,-1.896778316139517,-0.24614337344452103,-1.2367107574855438,0.26952259783570376,0.8321144415158883,0.3689106483285499,-0.35174155595515616,-0.4808007437902875,-0.20862629661935922,-0.10118633454882939,0.3022181951738211,0.08975977060206068,0.3114331045920224,0.505659879987566,0.21948989587924028
2018-11-08 11:49:09.042000,-1.8564972858717603,-0.19313978179993702,-1.29357351817369,0.40433226443190873,0.8656492109041667,0.3503518068630114,-0.3991237827971071,-0.47550145229330504,-0.23319394638069377,-0.1254963499080957,0.29979769960399866,0.03278033485786037,0.35463675982093085,0.48808526752527504,0.19109255231460803
2018-11-08 11:49:09.109000,-1.8579431315680952,-0.2087117078050375,-1.336462129771416,0.3450448221387492,0.8865153459567374,0.38100535132309366,-0.37813941048358723,-0.4890432600585027,-0.22287336706808675,-0.09509568487131144,0.3160075446850748,0.042655197687073015,0.3677944167414115,0.5104906480780919,0.22024008640720855
2018-11-08 11:49:09.175000,-1.8593122324635614,-0.22154220588614265,-1.3205211531511027,0.34939965290718666,0.9228458935437152,0.38373192592796324,-0.3857736566178755,-0.5531378282854865,-0.2079101924834828,-0.11077634140256992,0.3751306467420169,0.027090621687108456,0.414650243686432,0.5484652474659134,0.2545559938257027
2018-11-08 11:49:09.242000,-1.8428374530695706,-0.1741683005886427,-1.3643684061238304,0.46108594555474813,0.8991461223009394,0.35580461316510015,-0.4229130217444975,-0.4601059282574263,-0.21503410125268285,-0.12011855931056055,0.2785292685852162,-0.02844389974207842,0.3882572784517417,0.43212887519034293,0.2753510678821038
2018-11-08 11:49:09.311000,-1.8287918190536452,-0.19801885014464404,-1.4075970099608697,0.38862221372868433,0.9746918970442153,0.38443948826047886,-0.4009220871018355,-0.5700805834996157,-0.24480158953203035,-0.1291123451376137,0.3877582129289819,-0.004333522508896695,0.42396132687914234,0.5363819287224831,0.2554468007579087
2018-11-08 11:49:09.377000,-1.7728443532947273,-0.14586848241146455,-1.5609424887464889,0.4499989655207012,1.0417353130744236,0.4295592284735741,-0.44830902380512627,-0.4908931280753015,-0.22062205649743746,-0.12189332366916111,0.3139102373220004,-0.08233042377277044,0.39240364179174053,0.4756685580558928,0.2762714983146862
2018-11-08 11:49:09.444000,-1.8301921968451247,-0.19897499836133453,-1.4450099007166208,0.34560459351924,1.0253631869427173,0.40725643264815803,-0.4075673730140019,-0.5818145867365183,-0.22851885272700062,-0.10131710087502133,0.35321928326439217,-0.010404814969883824,0.4161920844968351,0.5711661700074844,0.296179876874147
2018-11-08 11:49:09.512000,-1.8194158816430737,-0.19488695836607128,-1.466109230809304,0.4219836632418028,1.0370101295078562,0.4091319534314557,-0.44507943659961857,-0.5621208197161421,-0.2294070999521316,-0.14224408363799762,0.362922544112089,0.012024548662787404,0.44371609987268446,0.5654327267216978,0.29984251259517436
2018-11-08 11:49:09.579000,-1.8562351541217077,-0.23492579507987485,-1.4002252367315975,0.3465772179843829,1.0067797424265728,0.41963377445195277,-0.4098408262808032,-0.5527748024022878,-0.23683567373122755,-0.06924722008162305,0.3518102871373134,0.08538250960748305,0.415341747535686,0.5559183101368022,0.30398658439794923
2018-11-08 11:49:09.647000,-1.8131278647430356,-0.16645142489978026,-1.4611403015802138,0.5103568679206152,1.0040065963800013,0.38089765673827103,-0.448633414608255,-0.5373748417312172,-0.2312891957490518,-0.14607729456514457,0.3177619594410949,0.010982906871608966,0.47100856721546425,0.500412257052391,0.29377386297046154
2018-11-08 11:49:09.713000,-1.7611099401879526,-0.14315065971970864,-1.5916318843822517,0.37462298717564446,1.1318729701401637,0.4445769031349123,-0.46535185595462936,-0.5590982832792732,-0.20577476217259924,-0.03184721928991957,0.2596930033462287,-0.07685121407272777,0.37700549041622466,0.5782769638673617,0.38314731865191914
2018-11-08 11:49:09.781000,-1.8253454090657077,-0.2099155164669339,-1.4825582939015551,0.36555963405254965,1.0482558216669784,0.3978500802125396,-0.4135439292339316,-0.6114350718098475,-0.2402466976244912,-0.13114634853488968,0.4141808094889885,0.04695473334501159,0.49291693236377765,0.6085800152234965,0.314876449238941
2018-11-08 11:49:09.847000,-1.6155447658984958,0.11523045317608499,-1.6663471005928545,0.5826335057729348,0.9576774942304203,0.19367152149019246,-0.2814087201602981,-0.6870426658451688,-0.07155675448169921,-0.11569503760828007,0.5502221373144656,0.0866172770320984,0.6485073535959498,0.40474579311249437,-0.12216492457020368
2018-11-08 11:49:09.914000,-1.5445384199883834,0.05132544920639687,-1.7084375459256576,0.6515984958802681,1.0889817425115942,0.30592746145533684,-0.276691840837088,-0.4968045930231282,-0.06459860552371309,-0.028764794923410872,0.43482128267196596,0.0946841968070008,0.510853460635676,0.242725296168648,0.10278925114886052
2018-11-08 11:49:09.982000,-1.225434494627926,-0.09187101439569079,-1.8236678617849533,0.658449272353864,0.9248061548759967,0.308550029067951,0.2730587404132734,-0.5917525026634368,0.050579038064782866,0.04612128114032843,0.5199938598280263,0.494976901853269,0.5682997262036852,0.4629610021311029,0.16319382323958603
2018-11-08 11:49:10.050000,-0.7511659035556963,-0.5508809728788202,-1.470259047987867,0.48883902015412384,1.2326305305246763,0.3886223134559708,0.8959561226607428,-0.8580627644435829,0.1972601496428651,0.032859914554643335,0.4540660426797103,0.47130874286308544,0.49101474669920153,0.3018833104218588,0.3653045672359709
2018-11-08 11:49:10.116000,-0.1942129798121992,-0.9008391439942939,-1.413550590492348,0.771276823802783,1.0587770089368598,0.32267564893744033,1.3725682355361974,-0.7197283268753336,-0.02777323089698769,-0.15080060313275356,0.14197137173514934,0.6299616442344201,0.2489844451589015,0.10498903190131828,0.3856849208724909
2018-11-08 11:49:10.184000,0.5905243889761826,-0.9542996792300424,-1.097905411950361,0.8936975903068114,1.381549802163901,0.28816492143944633,1.3416648420250388,-0.8045785542479238,-0.22991169946849474,0.03522096814882901,-0.06265958717840847,0.8534813368637756,0.12468607097347814,0.4694906271963708,0.600849443744125
2018-11-08 11:49:10.252000,1.05940046401426,-1.5673246110002992,-0.9957888552433382,0.6818787909412969,1.672812076675163,0.22178878218235934,1.1674613933785678,-1.2741961137131586,-0.3696398650621492,-0.15798197196814465,0.23834400149054827,0.8288490506657782,0.3375866774615126,0.3026615583635176,0.40623954746962004
2018-11-08 11:49:10.319000,1.4935404561925179,-1.9881327870304752,-1.1606850621007556,0.643692975749109,1.7791385062036293,0.13589581770334416,0.9287617048822944,-1.0685693693129716,-0.6679914866221153,0.29681459860276693,0.3769837376998082,1.1603422471845501,0.5323816959256094,0.39535397904728364,0.2784736320933076
2018-11-08 11:49:10.386000,1.7461445880594004,-2.30383627588537,-1.2624167858763027,0.8205166235901983,1.356032021484614,-0.19889877973228723,0.731402140854989,-0.9253018899825095,-0.674620767072634,0.46855270028605556,0.35450169231087814,1.089916127731942,0.27447396688850045,0.683275225583864,0.11733789641276952
2018-11-08 11:49:10.453000,2.4731515338090704,-2.239863361135543,-1.2893708927298801,0.41798585685448064,1.6234115535902987,-0.06732476380510868,0.43812109261577126,-0.9229045944985078,-0.8563150746406624,0.5206998831314511,0.1735814481639064,0.97011816020849,-0.16038718828991294,0.13894295448454147,0.3166092965132615
2018-11-08 11:49:10.519000,2.533988817351079,-2.271331446368435,-1.4672665213513134,0.8204595709714768,1.7619218580469589,-0.2990276668614699,0.1265232481688192,-1.1273956437751023,-0.4789246559918488,0.3576225093802794,0.296446166011569,0.73994496688185,-0.05662571461637578,0.28004924237932494,-0.2641048549492116
2018-11-08 11:49:10.588000,2.5772030552283587,-2.3562282951610154,-1.4121075667807652,0.7613141727244773,1.6898879079203395,-0.30157844697336506,0.029539762314294005,-0.8957781190118796,-0.5019269278324525,0.6061636873388825,0.2370828548927575,0.9184722565326412,-0.36900593171062257,-0.03075184208704282,-0.23851590932496275
2018-11-08 11:49:10.655000,2.2716230789503014,-2.4893969798027156,-1.0342390964696653,0.7761275615557262,1.7804611773865306,-0.44787330803999487,-0.12495561281326717,-1.2409296630776965,-0.20456697267939836,0.6013301501451896,0.3461340552085862,0.5325358336192213,-0.15653668805725418,0.10286700358342774,-0.16701175126588486
2018-11-08 11:49:10.722000,2.3607225205129634,-2.3375397221543475,-0.7826872004260229,0.5815336117725367,1.2612564939595385,-0.7945321928480563,0.010028521790163558,-1.2731137653112823,-0.19540306399206586,0.6264907682922526,0.6366748137473236,0.6604148500720701,-0.18878065070172523,0.4544766027421977,-0.04623550260435742
2018-11-08 11:49:10.789000,2.4023518590578314,-2.4225393554324732,-0.9337533456688514,0.6479394660556757,1.2776638123252018,-0.9318408164157196,0.019383863004171442,-1.4365263277574691,-0.020016555526659097,0.5716844736515101,0.5912522866302125,0.5819082297536904,-0.14094964648590863,0.19356313152476387,-0.22651830218464736
2018-11-08 11:49:10.856000,2.2023860790976224,-2.3072003066650177,-0.6611552593387618,0.8698026704400414,1.2507253168534633,-0.8119562333224852,-0.08992214244443775,-1.4427493305981658,-0.05819295739537764,0.8730521398511062,0.5598992435260425,0.41333453316480395,-0.18340651841684902,0.1691320237681426,-0.0013269095535041464
2018-11-08 11:49:10.924000,2.402590720799494,-1.950837438716405,-0.7612253700162064,0.6430376510920894,1.058851121277113,-0.541715604653128,-0.06442881699534281,-1.3043785797928098,-0.2278366747562173,0.7073567068419665,0.24595526977354798,0.1857725252755542,-0.4912994689575959,0.002719509788715463,-0.44003969094559675
2018-11-08 11:49:10.990000,2.443129545928005,-1.9371059638893837,-1.2205963281378536,0.8825488509139057,0.8609778519600637,-0.6349551199398649,-0.001554062776205567,-1.4048092702411574,-0.24207305852717795,0.7558766712005286,0.15289367734407883,0.15606222158695016,-0.3268185990656237,-0.22470144231400577,-0.46465883179975903
2018-11-08 11:49:11.057000,2.4726407560091515,-1.763877490257399,-0.7409682059783727,0.7531103582012848,0.981439198261111,-0.5894801029081749,-0.18521725609590767,-1.2808412433714018,-0.5476966385608977,0.8064121608494194,0.19303756381994713,0.07808950825853539,-0.18110306321090425,-0.40212228601157884,-0.11763596109575737
2018-11-08 11:49:11.125000,2.398303889832336,-1.9746457669178068,-0.5962286080051064,0.6675403709778334,0.7426527159979199,-0.5989921108328272,0.04304374439241587,-1.1088725121167913,-0.6885328564781769,0.8450653792710291,0.24506316608500855,-0.010377850927366705,-0.07809481491695916,-0.3921706710483269,-0.23750843912599745
2018-11-08 11:49:11.192000,2.388378279578018,-1.9838952870655597,-0.7397980755408254,0.6662770004183047,0.7041933285988804,-0.6608800463491118,0.08298562522761338,-1.318056440785653,-0.6530903949490848,0.8519427072327436,0.3827181088735425,0.004594755308763299,-0.0982823314136757,-0.2412044403207271,-0.007095557367394645
2018-11-08 11:49:11.260000,2.593710423700154,-1.8585794610868023,-0.5498960623679933,0.5465655247590886,0.6468298646205024,-0.6739867135730768,0.08115669289888439,-1.3048221306900785,-0.7934902538167996,0.6824476119780489,0.21089126104557496,-0.002106180734196439,-0.05732284748233246,-0.6287168871494004,-0.4169027831305345
2018-11-08 11:49:11.327000,2.72025357467108,-1.3853431609745748,-0.420869559515085,0.6212436707166777,0.5421474982034223,-0.6520321576777341,-0.02967452882014604,-1.3878846578594601,-0.9769617504569527,1.113007995441893,0.042580952432553804,-0.1310759159166523,-0.19815042927594725,-0.38889427622064654,-0.45389992201748813
2018-11-08 11:49:11.394000,2.5217343670455366,-1.9159216122887877,-0.6395256805333195,0.8803105794090085,0.7586033316436098,-0.8058900484572626,-0.1840698795053406,-1.212181233139366,-0.6563989166631992,1.0839261341137982,0.08310613365891743,-0.13481085629947015,-0.2782859913197989,-0.3580111417728429,-0.12150245470116917
2018-11-08 11:49:11.460000,2.6081603111844363,-1.8845271013435654,-0.47003836958202816,0.7595634499170693,0.6758940606956114,-0.7714856700343988,-0.20145786314709813,-1.3193857148322843,-0.5449247573673837,0.9518106707255555,0.1896265033065022,-0.05532918342488574,-0.19851396413884065,-0.49966922642688316,-0.21187079536861103
2018-11-08 11:49:11.529000,2.713207178692472,-1.822226872537571,-0.7122910959181051,0.6462391959438027,0.5812242816459138,-0.8662855371698565,-0.15053921178947763,-1.431178729618393,-0.45327107221828655,1.1161742887957598,-0.06313824207706523,-0.10852749312582444,-0.027112327795833724,-0.5129002073774712,-0.38888944217995086
2018-11-08 11:49:11.596000,2.4735296999118654,-1.9085508532994373,-0.40431527214892415,0.8825947233787641,0.6501779874620958,-0.9290648784145437,-0.07183095572900039,-1.2676280504364905,-0.4254354540750808,1.0152885804233427,0.15981701476805438,0.13155464247189874,-0.31105490386941403,-0.46881214603763854,-0.2664051928068204
2018-11-08 11:49:11.663000,2.5711670678441827,-1.7617260705866253,-0.4609713348652624,0.900324040438748,0.7380556450613942,-0.9127317789390308,-0.19714337327479914,-1.318025070739013,-0.34826614609391604,1.0105393547280568,0.0324089945534525,-0.16357872280126845,-0.27760382683917306,-0.4513389277370321,-0.4835514370819021
2018-11-08 11:49:11.730000,3.07462237135294,-1.4578800074650837,-0.6514360789091433,0.6275171859306932,0.6768627706708417,-0.9237693501778885,-0.1674991947782547,-1.068841823640951,-0.42946493619955295,0.9630597121932293,0.09425336197081968,-0.059713427241422645,-0.22050913332283884,-0.6523367202125995,-0.16380456647053104
2018-11-08 11:49:11.798000,3.1642046536173236,-1.7424330010978117,-0.5782629713892639,0.6349129525212538,0.7409181351631244,-0.7776183517174097,-0.5184490749367776,-0.6077455751601705,0.5333146113317686,0.8422647462724173,0.244598640799411,0.24649278638028338,0.6313317729133651,-0.7994701763697413,-0.5388419299860344
2018-11-08 11:49:11.865000,3.1766675021416972,-2.04488968125654,-0.5966338684891834,0.620764926432551,0.9217302028225913,-0.8327080836407039,-0.5667752477113769,-0.448732875283358,0.3481616004494772,0.6689276581173172,0.42649214258188317,0.4576268101719877,0.5535602064727302,-0.8375015062563097,-0.27914460549060366
2018-11-08 11:49:11.932000,2.937147611724697,-2.3693391734569835,-0.888826182895148,0.7077469134131471,0.8543846942113005,-0.8658361326903236,-0.5444129023566513,-0.36605622099461177,0.5688097425556274,0.6489804514292264,0.3494612614948036,0.7526900036880756,0.3200461979198665,-0.6284829173545995,-0.4046144632882431
2018-11-08 11:49:11.998000,2.7922668470706657,-2.51789210249219,-0.8726611923365073,0.8913997799384477,1.2981600897665158,-0.8295144489934982,-0.44834562900963204,-0.416487482052556,0.3502864748557112,0.7729941922732678,0.4865158738269454,0.7893583385579219,-0.29570444532788087,-0.3845189285034034,-0.266519245616196
2018-11-08 11:49:12.067000,2.5087780013079426,-2.688766768350249,-0.9388654862021234,0.8810075181486658,1.4253788075849236,-0.5746479296592483,-0.2725370583278693,-0.7526777449537769,0.15253384264956948,0.5621529578234525,0.729440808308696,0.6881504085218616,-0.25479226183521597,-0.3820738238681062,-0.8868262027446676
2018-11-08 11:49:12.133000,2.331583925699964,-2.723085072044026,-1.137408992192929,1.0063538232934959,1.3545674678303743,-0.6376117415841521,-0.0015480485199015903,-0.8762655363011558,-0.030947497035068938,0.8520338328019027,0.603828348530004,0.8180728973813475,-0.4607464447346603,0.04527805047815911,-0.6555165803631995
2018-11-08 11:49:12.200000,2.806192306190341,-2.5801207113225977,-1.0880270096071274,1.016424792107284,1.145939253277682,0.032709749345620064,0.11107129368750662,-0.507573801438725,-0.02361437131315669,0.6436877907202988,1.1297105263361105,0.7163070143161349,-0.8805360272629763,0.4010079654858252,-0.34663013854259445
2018-11-08 11:49:12.267000,2.828539585805511,-2.4216947811718756,-1.3220787936827494,0.9076813856835511,1.223542670416403,0.18887125117129108,0.4198139926833187,-0.574209169035111,-0.07611531400645583,0.7135905589860317,0.6329233539720643,0.8817899803471015,-0.72188445943384,0.42102039516085354,-0.09650497279192825
2018-11-08 11:49:12.335000,2.2195782408663334,-2.637104012741753,-1.2339121585396182,1.017635636980313,1.2021450216223986,0.3019836651612314,0.7666243381015367,-0.549781740074783,0.09965024998809768,0.5016806304128846,0.7151531873172844,0.8108073877199312,-0.2839826937955913,0.575127440533617,-0.10976232696773412
2018-11-08 11:49:12.402000,2.3126560061610117,-2.0226150770240827,-1.3581184551240981,0.9392973806781644,1.2566552769937245,0.7807979652273634,1.180593958948668,-0.4247899681627622,-0.05889086847462843,0.44768517185695933,0.33326885787618526,0.8226506741784013,-0.3909862229219598,0.8263007948852236,-0.27332643639530513
2018-11-08 11:49:12.469000,1.994426548551047,-1.5149116120821993,-1.5245068777868218,1.228693598653865,1.6789355336739835,0.8646866685448885,1.6470744006730604,0.05499558883007536,-0.14094736155718213,0.5507745205691762,0.3895727250990307,0.9919429017292605,-0.22989302027458147,0.6768122761101584,-0.3239587767273371
2018-11-08 11:49:12.542000,2.0112547253772366,-1.4682548988237052,-1.5414291317440447,1.2590511383379308,1.743622624812458,0.8553563729913366,1.5940795470702454,-0.03176859039118169,-0.12080622464928664,0.46552405887213,0.3888628419124612,0.8439112462960632,-0.14443167370795973,0.7818699008604885,-0.38466771108089687
2018-11-08 11:49:12.604000,0.8704817802244951,-1.4619236471537267,-1.754964566952692,1.1704849163352258,1.264443507946486,0.7438441952685383,2.064021665499478,-0.2641976263365164,-0.00856229522170579,-0.022375516671782447,-0.042187805347206814,0.7805972843850177,0.05593038362055899,0.3574366368327957,0.21037149009751244
2018-11-08 11:49:12.671000,0.20969546581862097,-0.9663887685579746,-1.3729588194963873,0.6968494447871616,1.17857670547676,0.792216632677947,1.8718398620938994,-0.19584923626894327,0.03395741849115283,0.10214900341892491,0.15543384675057742,0.8375084326062431,0.2514098700223627,-0.1676092504495835,-0.18327638771720217
2018-11-08 11:49:12.739000,-0.5357838808205884,-0.3840294820612826,-1.5115261994923859,0.6054957688522602,1.0035206705171602,0.6319012571710175,1.4134732515427895,-0.16768559519437026,-0.2138144816389647,0.21800091934391397,0.1655897828777244,0.6259160337126397,0.06505199840741491,-0.5306249286338319,-0.10911140572546195
2018-11-08 11:49:12.806000,-1.187629079902071,-0.08536500971328959,-1.309717117037287,0.38802969694768796,0.7560737713839114,0.46123144433349855,0.47952418056224405,-0.3021794330717348,-0.08297225111812898,0.03786694754942943,0.4254596999901341,0.4448766059371737,0.032754639792458656,-0.39676592794363996,-0.1055312900125016
2018-11-08 11:49:12.873000,-1.4622422496775673,-0.05677936006480533,-1.4817451534429198,0.15155800217201817,0.6079027912939695,0.302715985995846,-0.018009601671897246,-0.2521342513391537,-0.06656653425932782,0.21731524763464116,0.3260631701834439,0.29700699363368277,-0.09701063217905546,0.09865239325159333,0.07306455548078869
2018-11-08 11:49:12.941000,-1.6892572118127025,-0.15667482743262423,-1.1439107841932266,0.11646605472529684,0.6068435440949917,0.2045399141630996,-0.17405345009694556,-0.38074540631469683,0.03719212486772863,0.11823649763436145,0.3916586788357676,0.24918662201097344,0.12526586283750457,0.18303851642698907,-0.2908615305381254
2018-11-08 11:49:13.008000,-1.912581114243416,-0.2534017309255391,-1.1442623546435975,0.1534027524227994,0.8024857758630979,0.4050684012413251,-0.344671282696622,-0.4495876570789263,-0.24340859714408014,-0.041747855077704496,0.20122553488271863,0.19399668780417242,0.20050455401239392,0.5592644795941101,0.06372105169752484
2018-11-08 11:49:13.074000,-1.9365305186932362,-0.24127645359050032,-1.0472787585903907,0.17001120343793666,0.7101052131437844,0.38574130556647757,-0.38536043598544617,-0.3398139480014108,-0.27188135681794484,-0.025801570619347437,0.022585821716010257,0.13688700732420103,-0.018111659663996915,0.48266724398694394,0.18612599538833385
2018-11-08 11:49:13.142000,-1.9460115174647883,-0.24018251704694468,-1.0359941244477318,0.15397111519218407,0.70927650548258,0.4416146167214073,-0.38348629118148814,-0.2558871639648549,-0.3383058514991536,-0.03691981628019382,-0.09723675896317449,0.2392553142153886,-0.0357017656927518,0.41439941859974727,0.07265164782885257
2018-11-08 11:49:13.209000,-1.841107161616829,-0.17635717412419488,-1.3173892626915165,0.2847197869088389,0.9280327202421146,0.5145239199553778,-0.5084803778772992,-0.23869903387636107,-0.3768936715606276,0.03820015552502648,-0.13154063018079717,0.031335089846606774,-0.06610187365731818,0.39528662593250685,0.31293859617387165
2018-11-08 11:49:13.277000,-1.755069179110138,-0.12310381904911732,-1.5126681255925989,0.38057802418524944,1.1206419544766917,0.5548920658661637,-0.6188965420726055,-0.32089491596657077,-0.3641140256144427,0.013360713791762721,-0.045040519080862984,-0.1642327491030721,-0.10043887700194608,0.4564385428800707,0.5486698937619888
2018-11-08 11:49:13.344000,-1.759438913758443,-0.11840141307014573,-1.48000914029522,0.3796120464900856,1.1166825197717172,0.5528825998874568,-0.6189699089134613,-0.3305226737066411,-0.34012073354964667,0.019102031124463695,-0.040649846972891895,-0.1807160857029103,-0.12292917352860198,0.4535923810318867,0.5143204657461233
2018-11-08 11:49:13.411000,-1.8454265185124428,-0.1878733362171215,-1.2428493727990773,0.3435735578486544,0.9189028760251845,0.42831826589639316,-0.5115968567387659,-0.43982025596751323,-0.28668050018951646,-0.0360195079287028,0.1476931022681556,-0.07177862728054402,-0.018442845648681733,0.5077162303971897,0.42636196291079625
2018-11-08 11:49:13.477000,-1.8870030992144056,-0.21955150996478806,-1.1839300644414728,0.27970636945690064,0.8681821494539235,0.4349981733139016,-0.46503801950102586,-0.40254049408038783,-0.30934441176932076,-0.06412256468946347,0.0987020739719952,0.06184145164958227,0.04329036311191656,0.5126588837639865,0.273590444742013
2018-11-08 11:49:13.545000,-1.7722612151585249,-0.11990483002790553,-1.4293102333805203,0.3369738531773816,1.0599331106122662,0.5016167295682336,-0.5815110723727871,-0.36344415017323706,-0.2835426939385828,0.02826979376373459,0.00698802189117162,-0.25737725270757833,-0.15041752028108646,0.5045569659424166,0.5063657039861976
2018-11-08 11:49:13.612000,-1.7888850471734594,-0.12023420020721404,-1.3843814496945193,0.3387249207470986,0.9894877820978958,0.5000658204143258,-0.572355950958866,-0.28143384334554533,-0.28027918409079994,0.05248480185673707,-0.05815750106815698,-0.23523469918691736,-0.2098545422814408,0.4275957887938421,0.47187951462970673
2018-11-08 11:49:13.680000,-1.7953377086792108,-0.1361905276270557,-1.3582686515083522,0.3704716053774302,0.9831748336533617,0.49630800959095855,-0.5573607285136922,-0.2915113790318139,-0.28229294634606467,0.017773758218025945,0.002203228198066509,-0.23845547491836516,-0.16355708158937032,0.413998216381798,0.4457860023737502
2018-11-08 11:49:13.747000,-1.8477436898468755,-0.17057387188793294,-1.203593760504741,0.3386632118559456,0.8740512080722862,0.42825043256923506,-0.5153940799953083,-0.35445053273343263,-0.3001734941839126,-0.04113960125447312,0.07687119019047621,-0.15988082451128635,-0.11577757459415303,0.4609662545143184,0.40547882212658354
2018-11-08 11:49:13.813000,-1.8265056726232611,-0.15759440366736333,-1.3024574337723855,0.3789498689163031,0.9339233576879817,0.4845064683851983,-0.5563057931365298,-0.2565263399949812,-0.3610244162457528,-0.0007889861827585637,-0.05145996149807175,-0.10972646006700446,-0.1659136819849647,0.3882911055988445,0.42793056413640895
2018-11-08 11:49:13.882000,-1.9152876182660874,-0.23384137995509327,-1.1611814612939726,0.18732294739448405,0.8065929194813799,0.4773812414942637,-0.43754344098004927,-0.2696720106575467,-0.35637241248258417,-0.0024407107619561635,-0.10197438249812266,0.1959432553001425,-0.04314547513153984,0.4267049860965132,0.20278120689711365
2018-11-08 11:49:13.949000,-1.9152876182660874,-0.23384137995509327,-1.1611814612939726,0.18732294739448405,0.8065929194813799,0.4773812414942637,-0.43754344098004927,-0.2696720106575467,-0.35637241248258417,-0.0024407107619561635,-0.10197438249812266,0.1959432553001425,-0.04314547513153984,0.4267049860965132,0.20278120689711365
2018-11-08 11:49:14.015000,-1.8938671253712007,-0.2188463381875624,-1.2348718553565063,0.17976817252281105,0.8653162008378001,0.5042663508072613,-0.4382309913176401,-0.2699708879350136,-0.3543741400155458,0.007470441839946829,-0.12904809714584767,0.20670132219873555,-0.038468956254846295,0.4411915561004952,0.17389096837131157
2018-11-08 11:49:14.083000,-1.8645117696310185,-0.1901059654988707,-1.322647012757938,0.20047620814367842,0.9220919671641945,0.5353664001152864,-0.47617986241404464,-0.20258962296857327,-0.3499952460628746,0.07032801934268929,-0.20383198633603875,0.1205942178381196,-0.08835861630351097,0.38529505741239056,0.24060430274740874
2018-11-08 11:49:14.150000,-1.9022326666314133,-0.23052092062334445,-1.2285156192556768,0.2199466492057385,0.8601145327726636,0.4916130313194191,-0.44047882923167925,-0.24840247254633127,-0.35979059950733466,-0.003730170990426357,-0.1076354374141825,0.2200537549374582,0.0017534165772069982,0.4047564717666061,0.1954445145915783
2018-11-08 11:49:14.218000,-1.8707616003472225,-0.19326258252318196,-1.2698386808791875,0.1812006013890958,0.9072296727386782,0.5104766826540624,-0.4566015021687496,-0.2761781713118418,-0.3222401279872624,0.02738667071194123,-0.15844642190082533,0.14232390190850502,-0.03221136831873364,0.44696645597064877,0.2156634455855796
2018-11-08 11:49:14.285000,-1.8613394682549667,-0.18976574006063018,-1.284710448539253,0.3069538458611881,0.922233632190522,0.4900007571752437,-0.4898097817673732,-0.30789562339546783,-0.3425943297544638,-0.04943674142098406,-0.054579478213964805,0.11276234930547738,0.016077016134076763,0.43007558457858486,0.22898487192146172
2018-11-08 11:49:14.352000,-1.8799120404316614,-0.22122006318736853,-1.3207687167619058,0.24188505373806332,0.9151796327582682,0.5250209472858268,-0.45873405618763075,-0.25577411986345105,-0.3497938193519111,0.009730552960336258,-0.11728169814001846,0.2354900611457642,0.010282055976233745,0.4003911300366889,0.20164402243382984
2018-11-08 11:49:14.418000,-1.8543043115361946,-0.19880264823319,-1.3409295929766836,0.24023278108425586,0.9535183004267307,0.5296136109960812,-0.4578567582930648,-0.28975593305247643,-0.3353355966213573,0.04255882762739771,-0.12566588845624402,0.18573834684080115,0.027088840721213564,0.4101960784721358,0.1966981642930397
2018-11-08 11:49:14.486000,-1.8523302814529197,-0.2192366198441801,-1.3567438432680454,0.22169958449794955,0.9784516415716027,0.5435207612237328,-0.4689676512746075,-0.2957775345837795,-0.37553759506379913,0.034770436800117335,-0.0837750885455689,0.28454667485197915,0.0287896104610679,0.4594965091393717,0.24670665922087076
2018-11-08 11:49:14.554000,-1.8898271310185573,-0.23393420236692303,-1.2353676920789434,0.1995074188796049,0.8880826175221954,0.4677347342867836,-0.4252225954043526,-0.37243416548415154,-0.33352130729239726,0.008871491446073757,-0.019095524566247413,0.26342762491808325,0.09291014979921558,0.5106576960473945,0.2070383117492508
2018-11-08 11:49:14.621000,-1.5588305548005588,0.0565308067932368,-1.51098856951152,0.3988786664466356,0.953358974747464,0.4039539577559554,-0.16778846130520303,-0.2587989226754559,-0.14028437701832758,0.22110681166638368,0.12391054365092151,0.6022545433694911,0.26383652620618847,0.08602290281635347,-0.11842515587142126
2018-11-08 11:49:14.687000,-1.2086315203252582,0.14198286339541238,-1.2540919329372797,0.24290353815105067,0.7712802073059395,0.5980629702620384,0.18266641108941367,-0.45917209241933366,-0.2477322424469917,0.17589067117060264,0.41911066271681974,0.49298012057558055,0.09156541316636918,0.04864270682932206,0.2508188511362656
2018-11-08 11:49:14.755000,-0.8407626887192112,-0.07198149339330334,-1.627396605095661,0.6244437058216292,1.0443782297669868,0.49262180051803567,0.6108219545719412,-0.3404568166825961,-0.1479104434496695,0.2828567970691038,0.005052567422870913,0.567778760509164,0.12488408603417359,-0.05972446113087612,0.26426048264040786
2018-11-08 11:49:14.821000,-0.36977954579859684,-0.5019455772534378,-1.876335796674287,0.6422938966732852,0.8361713274178066,0.4628749278975082,1.083417318189611,-0.41008790548144936,-0.11400878720518173,0.12170579448860355,-0.07262184304953079,0.6609085020787863,0.1358861030161117,0.1667826244484914,0.49646058093784623
2018-11-08 11:49:14.889000,-0.12018542045312808,-0.8936090324096848,-1.6284188972080638,0.8826499675115411,1.3345929478328276,0.4873485988230908,1.204890234270001,-0.6201724775442692,-0.033705016739583094,-0.17757076311224212,-0.1001841155782601,0.543746842274659,0.3674893924442128,-0.17588363060107406,0.18979777180577873
2018-11-08 11:49:14.956000,0.18690009537000174,-1.1052080429463054,-1.2988529095082184,0.4360309664172407,1.2327228442937892,0.4476057730092175,1.2881734736942225,-0.6139736005719683,-0.03657556627543318,0.002518863335776389,0.06285964549390306,0.7285661784254365,0.2719948418754362,0.12822745502473062,0.16840839332242358
2018-11-08 11:49:15.023000,0.5308699144054394,-1.5664790578150798,-1.2263447947243389,0.3996942547397422,1.1652034238558073,0.42085291913498174,1.066812039898542,-1.1076866329472543,-0.16075701130788636,-0.13104684258655858,0.07823945882961272,0.9999744638054997,0.10404024338006154,0.1592698852357848,0.38128892983228185
2018-11-08 11:49:15.090000,1.0798836153215685,-2.067683073205912,-1.3830247314515707,0.7914041363341882,1.1635668275117654,0.15681401364150963,1.1916440005479787,-0.9234876038380602,-0.43221870116391203,-0.2684600990689318,0.38054895211595596,0.8400705768559321,0.03361963894009906,0.275199975002338,-0.09251455751413536
2018-11-08 11:49:15.163000,1.555421978070652,-2.315754289509878,-1.6443960268400615,0.8321136827606546,1.39868330142858,0.23514829514722743,0.7101469517829366,-0.5449460690845831,-0.6354353310833577,0.10141797898087901,0.061342431901363,0.6479943936203224,0.10304082564137754,0.5495140254520918,-0.11180943016490173
2018-11-08 11:49:15.225000,2.0296403241037124,-2.2719899304419924,-1.2913269969169943,0.667666505715687,1.2665651419274149,0.2444204376493678,0.4550992177979756,-0.6224925648641818,-0.5377676771156423,0.22318236213683068,0.1438944504716327,0.5395312435224803,-0.25202807967456253,0.2692625433993,-0.007311697010514359
2018-11-08 11:49:15.292000,2.07034627890767,-2.715669160117262,-1.634199969628321,0.6732515898689237,1.5993142653950474,0.1292692999237027,0.12812916083600834,-0.48018576309864175,-0.5623718349371962,0.3470065335081439,0.3181005180061416,0.43402682233204853,-0.434221674910804,0.20181362909151068,-0.035692051031387326
2018-11-08 11:49:15.359000,2.10000196579643,-2.8874637150702993,-1.2742500222696955,0.5951146617876393,0.9790825441706976,-0.27251947775934143,0.12930443222165927,-0.6047619107354056,-0.6674675515102159,0.036766032897882675,0.662308216938684,0.6903952249182056,-0.3904365012624128,0.2049085783081623,-0.16468765922663858
2018-11-08 11:49:15.426000,2.2789781981626938,-2.7868195217031912,-1.3796993467513898,0.5825493119604757,1.2290936489627784,-0.21944709867425774,-0.20635779749218142,-0.8661372885543847,-0.44123577039599937,-0.05470050495248613,0.5262539857912492,0.3738578914912319,-0.6200369821285339,-0.15689462952581848,-0.3050869921054214
2018-11-08 11:49:15.493000,2.6165650233497084,-2.4464571910034776,-1.5994278409980744,0.35784193293143096,1.3908195485652308,-0.29146854784005444,-0.35586248283254984,-0.8000758104115314,-0.4296689881260507,0.24730213790957456,0.3107606467040621,0.2184085144158321,-0.6421603386040612,-0.1246248667502318,-0.25403027209362433
2018-11-08 11:49:15.562000,2.7850865471913115,-2.409622469459077,-1.447339511786261,0.3758471609492452,1.4535921324417556,-0.31499592444482677,-0.2733410417206728,-0.97537289080801,-0.49431856523158696,0.4043427393292731,0.18041060648511367,0.13211835209251033,-0.7038545169985154,-0.2368723349345718,-0.15819459065718655
2018-11-08 11:49:15.628000,2.656859839126806,-2.539850627532931,-1.6943011383045488,0.37884526280949016,1.6586303444681607,-0.5009980401187002,-0.44731357222544155,-0.9705809940977166,-0.29092006790196756,0.5787042673342754,0.30800490997199326,0.1937354836756855,-0.457216175960215,-0.21442120227132924,-0.20258643977842622
2018-11-08 11:49:15.696000,2.635896549806665,-2.3768436180089147,-1.4173660198744278,0.5279610677219295,1.3231869585792015,-0.40855928794894053,-0.361388813271211,-0.7988930703762547,-0.6794959176509247,0.7781240051650725,0.3206011541760805,0.2793154218101533,-0.6006787590569322,-0.1433547130555002,0.0062421611221227385
2018-11-08 11:49:15.768000,2.729751627284285,-2.221820332050324,-1.2126307036993234,0.3343933194613016,0.755100997363845,-0.6379796556818553,-0.28812199838798913,-0.9503258300295238,-0.6848916337632632,0.5659855355477149,0.16710028357530485,0.5423860820492626,-0.638208751686377,-0.3708956508683433,-0.15749967330586895
2018-11-08 11:49:15.830000,2.38861198525892,-2.12058450457931,-0.9729551340656539,0.6154789024720262,0.8852046079588736,-0.6576128781709724,-0.056000694707678544,-1.163649317028476,-0.7734857020170212,0.6731118638527017,0.19556638092619116,0.10503101493469263,-0.10083217151207763,-0.3119835159370338,-0.24937379716673508
2018-11-08 11:49:15.897000,2.504477961974075,-2.12262831765226,-0.9959331311350892,0.34263591968127616,1.0737937848688188,-0.6737808022661843,-0.022007991318272968,-1.0355315755429044,-0.8899448366977927,0.6577549487396938,0.5967357059137206,0.2637016223065848,-0.041107838601413205,-0.40210215197192056,-0.17082040940959098
2018-11-08 11:49:15.965000,2.8382480964783596,-2.023214792961449,-1.5626215306647175,0.4097156702839697,1.0814963382495226,-0.6270318737147854,-0.3174630735061691,-1.1477596627405167,-0.7907957158657238,0.8217262995371037,0.29219341362116646,-0.16744857775955507,-0.18584476438494507,-0.2402284757630662,0.17691310630143647
2018-11-08 11:49:16.032000,2.75121989122344,-1.8633352077519296,-1.1876635299769414,0.6449556668511776,1.2134378964302224,-0.5873075468492803,-0.15241705998199412,-1.1730242947333291,-0.8238015060997335,1.005767715924197,0.5313560762414442,0.050461144954120365,-0.05794200672868516,-0.178103633121557,-0.13734621189030616
2018-11-08 11:49:16.098000,2.766183869926955,-1.936078334027061,-1.1036903840233891,0.5774664958310765,1.1704705079243611,-0.6680917920067838,-0.2872850774414414,-1.1993591792400786,-0.6054049119193026,1.0028864216141247,0.4917068577170429,-0.12780807873104683,-0.054165065653935585,-0.27210062697858495,0.01403992113322973
2018-11-08 11:49:16.167000,2.7982241632358944,-1.8658954338457154,-1.1353156542933223,0.5009818298283102,1.269950012804317,-0.7161441854574153,-0.1342462239892962,-1.3735213042877374,-0.626038753017874,0.8712681646841178,0.3724000536967609,-0.14296480775984094,0.00010066502064337568,-0.343811995781637,-0.3270096219792101
2018-11-08 11:49:16.234000,2.7010294015639804,-1.9247304164432801,-1.173100685223192,0.8362544377415736,1.249086192393039,-0.7037509750253498,-0.1072861906761095,-1.3066510569400231,-0.5803229931472421,0.9139987430225388,0.5441340698586078,0.1556833560107707,-0.005785562485768281,-0.2824121673538741,-0.2897933726110978
2018-11-08 11:49:16.300000,3.012116684824865,-1.7783550581151772,-1.6448563739765418,0.5427247671855789,1.2779528313621809,-0.5699028490633412,-0.36710215036738736,-1.1920892042244449,-0.7462825593918455,1.1391837603499986,0.2001020954903043,0.016830511009327892,-0.11298122226233454,-0.2984185303922484,0.07201932646006386
2018-11-08 11:49:16.368000,2.748260791746013,-1.8835168863662393,-1.4137241251334476,0.868796775835343,1.250368733879283,-0.733080657313981,-0.2804953428118503,-1.2385937050689761,-0.6837531417535868,1.0254780338947116,0.37793118993585717,0.10159554765700385,-0.11868919361638075,-0.2256535159367267,-0.07196129628970045
2018-11-08 11:49:16.434000,2.811785027705506,-1.9232102660333077,-1.2483760171505225,0.6736969348915951,1.3487993826907045,-0.7733023280006499,-0.3359544023211578,-1.2593006224986076,-0.6202198555507581,1.005298481525731,0.3031655671524487,-0.13697099126300977,0.11050291413982177,-0.32558420997544346,-0.25943748778647785
2018-11-08 11:49:16.503000,3.025516769804896,-1.710388821522914,-1.5484627438285126,0.6232859661283483,1.4054312353110097,-0.7465452423420171,-0.32601724980346397,-1.1581882526963159,-0.7192837242095543,1.0296799251979998,0.31394428367323535,-0.13007092855265168,-0.08310450424452603,-0.42870615053308536,-0.022050922187986058
2018-11-08 11:49:16.570000,2.836605030926629,-1.8069392113139653,-1.5371283960089774,0.6940813471069116,1.4586921610207446,-0.5900423350454618,-0.2308253743348937,-1.1640580847337396,-0.676121011143244,1.0203438012058932,0.4005202581996757,-0.2147527265161563,-0.2170144117979096,-0.39434235905262827,-0.10217946551144814
2018-11-08 11:49:16.636000,2.9519000675952105,-1.9113535982696694,-1.2249826157057706,0.3436905922007475,1.4903210953719823,-0.6583175416032346,-0.45954681553907883,-1.2089818165451305,-0.5473093756821298,1.1084745227496215,0.3704052454336011,-0.10593693933270665,-0.23189050506484365,-0.43712541901075674,0.030874657008704884
2018-11-08 11:49:16.703000,3.0047179419544348,-2.1059432152010387,-1.4148794359097232,0.18653723610062925,1.2531927304241128,-0.6764406816400763,-0.6031775572499743,-1.0133343500985341,-0.37754802087357675,1.0887418146474963,0.34963058869995745,-0.03681069125021422,-0.3752341765963177,-0.3222406593182313,0.09524921677097294
2018-11-08 11:49:16.771000,2.8212511779202316,-2.166290962533002,-1.3110792152548072,0.5845102812245935,1.3687738132846108,-0.6962812266291595,-0.2435485620323859,-1.1415981799887323,-0.30246387775779127,0.7652333324814012,0.5774650899049546,0.08720752087836654,-0.5314997633040527,-0.33987729892324137,-0.3988070074131502
2018-11-08 11:49:16.839000,2.888525778033741,-2.4337923806336326,-1.0460926074913734,0.5931693539642058,1.6158880398430202,-0.7998719271511825,-0.3718158616408307,-0.8702979277615409,-0.12224241949374329,0.4155972037374062,0.7181384901133103,0.6442983754706103,-0.7643307503514437,-0.5714993254136131,-0.07276492235495703
2018-11-08 11:49:16.906000,2.8637437845625637,-2.596298703169142,-1.5845069982488276,0.765347251913643,1.15283993980412,-0.7830940078592931,-0.2972537498616292,-0.8589709450085162,0.004183684560954776,0.25961792501921005,0.5590537773453303,0.4975474729086114,-0.6472333110837494,-0.425137214897899,-0.6556634243800585
2018-11-08 11:49:16.973000,2.423216657214171,-2.7873557979868555,-1.319598885573192,0.7538703579421593,1.4065580286654504,-0.3063309378061628,0.17750350854499253,-0.7841576650730401,-0.3032789152604428,0.4816889308907405,0.44847446784019873,0.9325898733240915,-0.19300718950359042,0.07202447277976701,-0.360480068210413
2018-11-08 11:49:17.040000,2.1916121554057693,-2.468850298921116,-1.394340041182805,1.1702247735196194,1.4710134044098773,-0.31205347147827706,0.7223117352711738,-0.589868516986612,-0.2739504163823885,0.8110266344799512,0.45561119380697424,1.0100328748641498,0.026490531416205637,0.46294478649176385,-0.6562557781863125
2018-11-08 11:49:17.107000,2.266047670713763,-2.244485237472252,-1.2843019968952418,1.0620795486417063,1.6006645568326379,0.07202406996327734,1.1343599688861414,-0.5695202201364692,-0.49536041611567755,0.4422303199800933,0.24124601527309605,0.903476614824253,0.2439646639107052,0.4636958631764003,-0.20059249780875404
2018-11-08 11:49:17.174000,2.0016386776178745,-1.6567332179154413,-1.0818456666660465,1.5773653762697708,1.9226403293272027,0.2950379486663428,1.5524945813756839,-0.5873255859765926,-0.355412501090554,0.4074696760300337,-0.02419970272175226,1.3453264920072256,0.41999904391448506,0.4077830839084329,0.05962289385804591
2018-11-08 11:49:17.241000,1.6705253216201754,-1.5761944018498293,-1.644024429521495,0.9769393458253073,2.115209162654014,0.346621950586325,1.6973362864229888,-0.6498837127210333,0.08350376066832704,0.3191334868567899,-0.28978744234466314,0.8863155027151889,0.715436697442904,0.46825624813796674,0.02324986144668735
2018-11-08 11:49:17.309000,1.0913182088841813,-1.5437766084294229,-1.426657496400738,0.913924297641592,1.900514627601852,0.41976415537826134,1.9509004741678844,-0.7927271195876183,-0.1950835629032438,0.19412402980607368,-0.25860711305800255,1.2305044111003784,0.3786614166123159,0.5866306746226337,0.5188573323982244
2018-11-08 11:49:17.376000,0.8797197729078059,-1.2794091874373585,-1.8449334120891245,0.9274570913325606,1.4946440523044568,0.5451891478849991,2.354406818878456,-0.4523288897861206,-0.23513727403717477,0.2526307202263534,0.10827651461854337,1.124604347383904,0.12866413326674833,0.759662267540599,0.2320378450527888
2018-11-08 11:49:17.443000,0.23887727854999907,-0.9208646854530751,-1.9101578293873847,0.7942391429083682,1.5123254791261298,0.6942698837246157,2.114314067104744,-0.47100450165565005,-0.2507527834556199,0.18336019253478258,0.33477416024015183,0.8549370971878304,0.19875709773763917,0.30981326079869415,0.3899216900830111
2018-11-08 11:49:17.510000,-0.4992739915880593,-0.5636654527163167,-1.9106731752964619,0.36291225334806365,1.1520241854402207,0.49197710529954936,1.4140653948368689,-0.41042637454923586,-0.1777832345201926,0.106592119449446,0.3479089847804302,0.705226352621629,0.3558714328554328,0.006595596608269277,0.2443011358358833
2018-11-08 11:49:17.577000,-1.2328455395974998,-0.015871796920734982,-1.9489161141412057,0.5225747842770101,0.7578605999575112,0.327673118770435,0.5539393170257225,-0.5544913367446792,-0.21885123070835008,-0.07525744361518955,0.6833914353884813,0.7951207981228477,0.23517041570390718,0.15014493635427142,-0.06081845376813966
2018-11-08 11:49:17.644000,-1.5155943251175725,-0.0006910947395167288,-1.6031974233004693,0.09375073000915665,0.8776240215179192,0.2868707083767494,-0.006623027033392015,-0.6252942823601518,-0.05346300706517587,-0.004641791630272285,0.5238762856670544,0.22595104601209431,0.3780223130266782,0.18460743784683367,-0.1387626940452774
2018-11-08 11:49:17.712000,-1.7152853037744724,-0.034980154057303314,-1.205284390881662,0.22351317240922094,0.8306818638158373,0.3457048881478361,-0.30579529669394745,-0.33037755626742454,-0.19451634146763724,0.1041575049860442,0.29829412467538374,0.10743123620055461,-0.19755053124286978,0.2307985911541054,0.0016410081956110198
2018-11-08 11:49:17.779000,-1.9018222821945405,-0.23128368623421725,-1.1643476216472186,0.14578578101550863,0.8061927843175085,0.45685236674592555,-0.36004687707720046,-0.3450994803513145,-0.3099975755591478,0.00020316041253250205,0.07589309677215686,0.20553907728331683,0.09764800789519926,0.4865683121196033,0.0011313055348061984
2018-11-08 11:49:17.847000,-1.8455059011584356,-0.22391177325711567,-1.4124847790735153,0.31896921683302515,1.044906336203517,0.4276267605047879,-0.42101113605556983,-0.5956832657004727,-0.26418334720360853,-0.08445794386697097,0.33568791826017386,0.1351593747286133,0.42516394912241173,0.6143093671203115,0.30037906999983194
2018-11-08 11:49:17.913000,-1.8678903641220477,-0.2281078589191228,-1.3341067865966603,0.32410236090965894,0.9676814976786492,0.38664917043147334,-0.3858890764640055,-0.607670237070713,-0.23226498772553977,-0.09524193964518857,0.3618675278805028,0.10595211711260492,0.42197238825199757,0.5982497575487252,0.2763630970228397
2018-11-08 11:49:17.980000,-1.8873804050845844,-0.21531278992957079,-1.24132168911219,0.3420168223762675,0.8604318877567054,0.3505651675071136,-0.3634634933277692,-0.5681093602167405,-0.2613326422198603,-0.1261403751525289,0.34326140978114617,0.14653475239047914,0.3921488794404735,0.5697907776493332,0.11673555598129182
2018-11-08 11:49:18.049000,-1.8520883922854094,-0.2085717397755462,-1.3102107668619536,0.32371722150739013,0.9363647862848647,0.3929559946250049,-0.38654855621752987,-0.551053074386149,-0.25119092584897834,-0.10767533026393876,0.32138355280056163,0.10540009691081302,0.35401396763239606,0.563492314240454,0.15574111995401915
2018-11-08 11:49:18.115000,-1.7862898315001794,-0.13091237824438057,-1.477752634647201,0.4776202247732373,1.006892908526855,0.45960646335117994,-0.4678868218048592,-0.4134357564890467,-0.28638918728346924,-0.1174314125287036,0.20454675392175287,-0.025280228607703847,0.3096130087645399,0.40763942673981013,0.11042266548981772
2018-11-08 11:49:18.183000,-1.852369278175632,-0.20165008198093282,-1.3258952832603759,0.27435902463981865,0.9742978306840377,0.4476626567020439,-0.4094983775579448,-0.4876771696868136,-0.2665152587505308,-0.06491565433817731,0.21920244114983098,0.073490063320929,0.27332196755993093,0.5415490248141974,0.1881234469785653
2018-11-08 11:49:18.250000,-1.7974940456402826,-0.1403426174938115,-1.441332171116782,0.47176511052110615,0.9961199135120482,0.4506996223656773,-0.4924474425457932,-0.3869579629070896,-0.3019650110611076,-0.058406749175768456,0.16679512795734558,-0.02563160019108733,0.21584545756118761,0.40724529461613135,0.22375790353940794
2018-11-08 11:49:18.318000,-1.6808072162395815,-0.006574426220286034,-1.7129244477453576,0.5983675122322352,1.0879458744672568,0.5307932592368958,-0.5809492402735079,-0.2176381289850302,-0.2948908625340346,-0.05094193858651798,-0.07752848487819655,-0.17003425515926637,0.1443046529257136,0.24317047263295835,0.181613587032096
2018-11-08 11:49:18.385000,-1.761676511980442,-0.06746446094698538,-1.5277684007208892,0.5459038297490468,0.9902606461452057,0.4412879783802608,-0.5354050400088073,-0.31242305725659186,-0.3165375511480255,-0.08409415687554367,0.02685191208572396,-0.04072229503214188,0.2217255355563189,0.3492424516386622,0.19760872529750945
2018-11-08 11:49:18.452000,-1.7790018545535817,-0.12002136641757216,-1.5084737114455644,0.4180905655970807,1.0396658311855558,0.49358686948672914,-0.47945947782796905,-0.3837629269234909,-0.30804662184521714,-0.08987710607888648,0.11607348405644823,-0.034484781697984426,0.23849928657030117,0.41094070295464047,0.13700250034839428
2018-11-08 11:49:18.519000,-1.746964406127369,-0.07712497807569185,-1.5614179398846013,0.5573665865680527,1.0261745758737237,0.460743743843372,-0.49987503952534673,-0.3170871390861734,-0.26800241456921714,-0.10982601424583907,0.1172716858919914,-0.11680398251534899,0.2428881988661037,0.3593707222532916,0.14290607008469147
2018-11-08 11:49:18.587000,-1.7737129996238887,-0.09750410688014188,-1.4735215324952355,0.5427649760083961,0.9667740382847079,0.4376355830392256,-0.4725793603518891,-0.35498484896485244,-0.2972567694259909,-0.12181830923787326,0.14292660827998843,-0.011383762794956828,0.29889968267837363,0.3771804965066402,0.07461503241066358
2018-11-08 11:49:18.654000,-1.829480306612187,-0.14483630060799058,-1.3561403544852,0.451729768178878,0.9108825654689068,0.39145423801619134,-0.4324631920851917,-0.4450973767074512,-0.3177746932990819,-0.13222519260922327,0.20042355263573672,0.01068208824189551,0.33195464281457204,0.443856086242742,0.11412584104203724
2018-11-08 11:49:18.720000,-1.8012931199143793,-0.14659176571614063,-1.4563801049402536,0.34114005298227545,1.039357992407078,0.4705581471011775,-0.44271295367293184,-0.4369284146692763,-0.2952754833141015,-0.07282497092569157,0.15055277099063702,-0.05761196138956409,0.247330549171288,0.469193880432764,0.20723198292605455
2018-11-08 11:49:18.789000,-1.799331156387927,-0.14722746640976775,-1.4680744393794185,0.4998387240120874,0.938595475075878,0.4406292059191119,-0.4344235109081992,-0.3448778550996975,-0.28413751545695576,-0.09502862670391801,0.17087484389954424,0.008801864859563163,0.332321660775137,0.3460685709245661,0.146108387254067
2018-11-08 11:49:18.856000,-1.8492681669287254,-0.17940731138000454,-1.3440766690986832,0.3565528314588038,0.9242349214869003,0.39562552176721244,-0.4102047021194061,-0.49616973985543916,-0.2704012889510688,-0.08120026195014311,0.22192159315102933,0.09278139435391657,0.3162310109330968,0.5007844902431206,0.2120315782393718
2018-11-08 11:49:18.922000,-1.7785709810012849,-0.1082191293066398,-1.4898148050633164,0.47959996404252836,1.011233254168418,0.418328691506124,-0.46142754002510167,-0.46154464105982157,-0.29204044984831434,-0.1268909686894853,0.185380496749333,-0.053150158167562855,0.3242928763920666,0.4389034157673629,0.18835067864706445
2018-11-08 11:49:18.989000,-1.778197366545188,-0.1265092430491166,-1.5180995491450546,0.4896736192978659,1.0209897204619935,0.4529065858005161,-0.4734570947051898,-0.4074897462905785,-0.31917346303199584,-0.0936258508451572,0.1806562220998766,-0.018732580283798095,0.34716199264070896,0.41583061547725264,0.16070233913087045
2018-11-08 11:49:19.057000,-1.8152194137015683,-0.16956046157112092,-1.419977332360781,0.38802917377296076,0.9888859285517895,0.4382356978318589,-0.4248796168135234,-0.4539983904865609,-0.2821030521519843,-0.09197668943645021,0.2038718710125679,0.0033423141345180207,0.3077069067430986,0.44849287991641684,0.21606656900930432
2018-11-08 11:49:19.124000,-1.7617913917990833,-0.09977782094926108,-1.6049473551089992,0.5595757238495545,1.0364646206729948,0.47933619898635305,-0.5026564903500585,-0.29351192345883276,-0.32154311322326135,-0.06687619076120532,0.07985361153576898,-0.08555899251224366,0.2791847963102599,0.31769116112587825,0.19742195192476997
2018-11-08 11:49:19.191000,-1.7157455554174468,-0.04783638973764481,-1.6568371502996055,0.5200329928175723,1.0867127522347138,0.4760040333817094,-0.5306993062585809,-0.35361883767033886,-0.3107161624858771,-0.07502435190864871,0.06421838361593121,-0.15602025258160448,0.26470589062046235,0.38648422519604997,0.23538629499041297
2018-11-08 11:49:19.259000,-1.8117917977774627,-0.16284473802846766,-1.4603486192637796,0.4540754603999416,1.0033417958114175,0.4372380142622409,-0.4456905251193636,-0.4577197895521274,-0.32349166383507216,-0.12809491918668522,0.23955658921073186,0.026718660456801824,0.3687540712136147,0.4463460301242237,0.16639192681634007
2018-11-08 11:49:19.326000,-1.7918042240278265,-0.1738589947203824,-1.507303809545364,0.3747229867010238,1.0802032682595837,0.47527155345584143,-0.42852449690317285,-0.5070631501250913,-0.3197560944318334,-0.048229324933013996,0.28611587923269666,0.06368957919525348,0.3633631799415488,0.5173935303436114,0.20661124968721573
2018-11-08 11:49:19.394000,-1.5531321907245608,0.00806372448542858,-1.7254899566475528,0.25015359361099476,1.0773435413084842,0.35302328850461956,-0.33216443450699307,-0.6724668183715922,-0.08367816321021221,-0.21439340551516456,0.48534007136635504,0.05825897614867722,0.7023966447452072,0.24528930788257683,-0.24902284263092528
2018-11-08 11:49:19.461000,-1.2610960202644939,0.29709660193454607,-1.9270462329979254,0.32029283040088874,1.147341335458508,0.4645829245715985,-0.16106836824525167,-0.5994510809195076,0.013212931886424695,-0.030871968954723175,0.34126797113823415,-0.06935737211270726,0.48849331997245327,0.2117226644939155,-0.08618994587289354
2018-11-08 11:49:19.528000,-1.2000891141977588,-0.08812842300088053,-1.7364674915574434,0.08536175491313747,1.181508469602657,0.5249746173927158,0.13466998635499694,-0.700166275390575,0.1255928598359276,-0.05194334296280714,0.5334706244508493,0.042279981152046286,0.4506759756887875,0.10009344521074762,0.07710334853448995
2018-11-08 11:49:19.594000,-0.34180066099078266,-0.4872178933329704,-1.7078903054516228,0.39765989325898854,1.4452248240647418,0.8873225037994728,1.1889179528869271,-0.9174722621462975,-0.10464564724142571,-0.41915081257552106,0.3866531465266,0.15666923971141708,0.320124850639818,-0.09166939457779646,0.26944677021165925
2018-11-08 11:49:19.663000,-0.3389958128084931,-0.5393872125602955,-1.7335325118557823,0.34938639256237025,1.4904483179636507,0.9620996174066561,1.1970883852727074,-0.858538434446604,-0.1752272574417389,-0.33772105049172746,0.3953434673795854,0.38882520996552616,0.327314205571413,-0.11569896515526865,0.2790469619080674
2018-11-08 11:49:19.729000,0.3816417859469041,-1.0748608268897015,-1.9439538260975773,0.5555480111578274,1.4938368699787383,0.6067072181724651,1.342755417517135,-1.0702232650128212,-0.09827561378683361,-0.6671847718833868,0.09565849097422996,0.5296948115699378,0.5115404643254716,0.14044657122325727,0.00839662900882375
2018-11-08 11:49:19.796000,0.93506584377148,-1.2429854376694498,-1.6899041748072154,0.29846853696748454,1.4332081853524186,0.6941212613578877,1.0751510275276157,-1.0254063982408939,-0.19758240185625744,-0.6851024555383985,-0.05377870367250703,0.23534012543099028,0.3070376118323145,0.07443491468546734,0.007887349462030083
2018-11-08 11:49:19.864000,0.9601285656792533,-1.239624468267355,-1.8082233459003,0.3876889785715657,1.482094348614436,0.7896311360023983,1.0369759137778045,-0.9096102406305201,-0.34520343070584675,-0.6218320379031709,-0.10609343982915018,0.35828108932285063,0.2819285350109538,-0.0445169925303526,-0.10658450370591475
2018-11-08 11:49:19.931000,1.2718155602812669,-2.2281015720349817,-1.4482234224067587,0.6870990656227736,1.4339992503319507,0.6329971901097462,0.7972800794914855,-1.038826110993061,-0.19747046983746896,-0.3817211428062123,0.2930601400715517,0.1752930216100571,0.3390505279875442,0.07288425542642255,-0.3709986137996676
2018-11-08 11:49:19.998000,1.7213133031715868,-2.3896346263119956,-1.7780956569220236,0.5624467326852904,1.4392741494778547,0.552472731729359,0.4975675843252759,-0.9035308229661724,-0.35845142303783756,-0.11350876852747799,0.16880338088914265,0.20967865268847005,0.07765823673334796,0.0904135923647939,-0.2936582709308016
2018-11-08 11:49:20.065000,2.093783687604426,-2.370400905873864,-1.7037266245156941,0.41640780171865377,1.6172380942107385,0.3762961992653276,0.20272837836612367,-1.3073128371086287,-0.058005519992720356,-0.5230509422687555,0.34666274091394844,0.018381222734610514,0.14333768403740965,-0.3272826152578555,-0.597232585445711
2018-11-08 11:49:20.132000,2.0341731423070106,-2.639978716061537,-1.7361529677258754,0.4316547697180271,1.3023294155924956,0.2527962794965268,-0.019342168883669242,-1.189083135054161,-0.33120898109211394,-0.29819062356776416,0.4837357433865991,0.08097627926387442,0.1534306871541518,-0.08800773084530619,-0.7630302119547125
2018-11-08 11:49:20.199000,2.179932026298605,-2.5866556810149803,-1.6431736811484376,0.6537131526269696,1.9653337470075605,0.3809456602367601,-0.35440957911014304,-1.1140938111796952,-0.35738827720084726,-0.3252653081776802,0.7349216503787853,-0.476416790448579,-0.21555580397947682,-0.26577286585817406,-0.5863395474559032
2018-11-08 11:49:20.266000,2.246999443356163,-2.568620806511877,-1.8279040253875394,0.5547601225444339,1.5042105764500213,0.05856954807617439,-0.3443187073840791,-1.1479030034124191,-0.343456667278625,-0.20464293873615408,0.7725665197214981,-0.3335369746106678,-0.024514474442647427,-0.12906139950222814,-0.828703847743566
2018-11-08 11:49:20.334000,2.1439671025208167,-2.698734102976019,-1.7781921274088133,0.4238161772021021,1.6342822457829176,0.20163171171518687,-0.4768990305769125,-0.9687693175319999,-0.346056501159431,-0.121201941275356,0.7331779296998171,-0.36165077489399533,0.0766311075003332,-0.2744626651426305,-0.7625132008898108
2018-11-08 11:49:20.401000,2.2939023656759234,-2.642614904559152,-1.5552265576522533,0.27245102719933567,1.534511836924926,0.2534900764605617,-0.5453115092507289,-1.215159202096728,-0.445281000703139,-0.059061411949659665,0.906029765640878,-0.32768194924316285,0.24296596666559145,-0.28482827154685564,-0.6438428262122549
2018-11-08 11:49:20.469000,2.163620084525734,-2.517269636674466,-1.7833907573670364,0.9713893930237689,1.5611501555053429,0.10608884252473913,-0.4506180829998465,-1.0818621803547384,-0.38174104256177954,0.0806356986770041,0.7893336202703001,-0.4234356183410905,-0.10947636800478433,-0.22872855829070207,-0.4828541811616223
2018-11-08 11:49:20.536000,2.2926802601386056,-2.391535375006779,-1.5418703214445213,0.7827220360221765,1.2282155791556892,0.015286671894623814,-0.34397203303026685,-1.1223851942866911,-0.7143152177329456,0.3280408516771568,0.5156490403877718,-0.2897175445804322,-0.009830354201241565,-0.32080104729519265,-0.41010923520980685
2018-11-08 11:49:20.605000,2.45568405505845,-2.164540811567887,-1.5534381445138894,0.8216350615271752,1.3667811073460343,0.09590786935090542,-0.6587027143802295,-1.04101947093444,-0.9491110284708076,0.6766870961961601,0.3650492613177407,-0.3849052110279114,-0.06580820749294103,-0.3604679753889324,0.007261860768237607
2018-11-08 11:49:20.671000,2.5165532940500634,-2.148296079081075,-1.56782793146837,0.7570022850157665,1.4094758653261572,0.12731126528157974,-0.5395878912230127,-0.8906272167092699,-0.9237631042202553,0.8226699385618393,0.15170282768519183,-0.47603225282156003,-0.21227597641201504,-0.5763125841775385,-0.19529848346407436
2018-11-08 11:49:20.738000,2.6518687645455685,-1.994799011556995,-1.725063732573132,0.8172362364984587,1.398948872782184,-0.01195455998725662,-0.4866994228234004,-1.0578921764096096,-0.8100123706675294,0.9029664216563301,0.1287794494839355,-0.48226864449108064,0.05416109623707058,-0.492459815487012,-0.28328447865460243
2018-11-08 11:49:20.804000,2.5209591267317952,-2.0305402754803548,-1.5194534277645246,0.8110885924117326,1.2053500059454896,-0.20338878418806752,-0.374838521085374,-1.0696326900755497,-0.9882964229844469,1.0116914293413806,0.11510700379256888,-0.42754619594712306,0.15643607271244803,-0.2389428899833602,-0.1884839281243717
2018-11-08 11:49:20.874000,2.521023809259578,-2.000233510982364,-1.280153900811546,0.8075661017159854,1.249097842412338,-0.1400644572611404,-0.20853534839161142,-1.1326887448152234,-0.9433469331717609,0.7225592316837773,0.527153312535194,-0.3008657812066561,0.2392671754130805,-0.572392322591832,-0.4560011454413579
2018-11-08 11:49:20.939000,2.4069123770779832,-2.1428991881387986,-1.1370233503146854,1.0318964030359423,1.1699304460426987,-0.25914476063628006,-0.27397926211553114,-1.191203021613706,-0.9346019724138376,0.8080363872454731,0.5307451194623479,-0.1340620581874934,0.2561636777964932,-0.4051874896572448,-0.2899810272442056
2018-11-08 11:49:21.007000,2.568703790939381,-2.0155871458575088,-1.1776818086425178,1.0009913135718422,1.2763951164026581,-0.2048061784014981,-0.17161875872260363,-1.207204430825846,-0.9086625555368028,0.8994953831136249,0.44467001683050156,-0.4175444099139766,0.09580209045104199,-0.5411367750213018,-0.22473936216682333
2018-11-08 11:49:21.075000,2.8010090458312575,-1.9133536858115894,-1.551137922343439,0.6784162788428484,1.118754258539373,-0.3982833436937691,-0.32270566678267276,-1.206153399988947,-0.9864905929193667,0.7454245927627943,0.4293363904016184,-0.3384470198589583,0.13174707630657784,-0.36062635089614703,-0.16517163982079186
2018-11-08 11:49:21.142000,2.7015992992633873,-2.146798658774804,-1.317042412226541,0.9669315095209619,1.2869201569747446,-0.3956970164179345,-0.26648196219913184,-0.99948999503129,-0.9171888801494172,0.745891838251631,0.4412877980179565,-0.2700177403915871,-0.048776748990759844,-0.4219515242135806,-0.22100726557713113
2018-11-08 11:49:21.208000,3.004402439989887,-2.062262959021683,-1.525688203676868,0.451163424390014,0.983406018218272,-0.5205840752458649,-0.2978475361307597,-0.9986000903957901,-0.8492158200872594,0.5177223589765297,0.43731283741995275,-0.28152859675492514,0.14228038630087456,-0.4571058619163212,-0.3542417303344327
2018-11-08 11:49:21.277000,2.8789060563135314,-2.121970708990172,-1.265402372399951,0.6571428310238672,1.4468237505204842,-0.3631956478868041,-0.3717551104941667,-0.9763748175237824,-0.8362628492253249,0.5141786392745668,0.5186506024223896,-0.4255757647858672,-0.01953517018438994,-0.5633968475879266,-0.17131037168722701
2018-11-08 11:49:21.343000,3.0827423845914153,-1.9792526107575195,-1.5338661433595873,0.415385159273706,1.5066464067022536,-0.2901276156139249,-0.3725004387583972,-1.0969796442395214,-0.6010122177699759,0.3600589745096733,0.5300220228437527,-0.7840995935661836,0.05657841108145545,-0.45797801402756366,-0.19917148292414916
2018-11-08 11:49:21.410000,2.903485910148058,-2.0726733662281944,-1.2010722396819709,0.6575048416461251,1.4628245048413162,-0.32128953294651813,-0.26738139790040066,-1.0515753914698087,-0.7804589429289001,0.033488858339218275,0.7832899444722424,-0.791405557178467,0.18488880328783774,-0.3402687102265294,-0.6837702322187313
2018-11-08 11:49:21.478000,2.7848434529292074,-2.6383202547889377,-1.6029229168238608,0.39659644684426487,1.8046465273753785,-0.17614891995145146,-0.4205723119978554,-0.8148770708552545,-0.23929989250136247,-0.2909322512485899,0.8309186481349606,-0.6940286875130192,-0.08875396595242568,-0.5790330934184326,-0.43842698771766314
2018-11-08 11:49:21.545000,2.5188745106544097,-2.882223732623645,-1.6133427137468248,0.662643818992764,1.654902437286865,-0.1714726660372671,-0.1781432266207767,-0.8054155888799029,-0.4267977747293634,-0.32107477892091185,1.0674779234130134,-0.052397799692975894,-0.200933632441594,-0.43016038147095104,-0.5321123487109869
2018-11-08 11:49:21.612000,2.8105892059119464,-2.7782788934185305,-1.8975467462900928,0.3758267972124062,1.8994573371327768,0.014776588521010568,-0.3423031589559325,-0.868025402219781,-0.21970897213157137,-0.33253340532433373,0.7753356013923548,-0.3864024615355267,-0.2934688915641973,-0.4119071100158692,-0.37745311697164735
2018-11-08 11:49:21.680000,2.718859155200903,-2.7994725164849,-2.0643585845734274,0.7490312393908067,2.1861539960926804,0.13972867727402802,-0.29501176243622335,-0.8091354565577112,-0.15557892971452014,-0.33180675801218773,0.5734604373768624,-0.7154463428676786,-0.4148695749032475,-0.10971342603878817,-0.08259210914850816
2018-11-08 11:49:21.747000,2.5777551356034962,-2.60473326152504,-2.081083304080742,0.9965184748680813,1.9823207216782301,0.10547488926550139,0.3888760203452085,-0.7188885825607442,-0.34226201272913515,-0.32012228894078854,0.6398434100847495,-0.3287502159930268,0.12051227555297844,0.13753642377887196,-0.29195720805777126
2018-11-08 11:49:21.813000,2.3153604238910006,-2.488829784704163,-2.042341451857222,0.8789729544503466,2.1615995848661966,0.31964676194316105,0.8044425578526612,-0.5396201109314375,-0.16549792848923783,-0.40771002405921686,0.5322806793083871,-0.18970955912750104,0.3958076247908326,0.24278312138523112,-0.5573406747524553
2018-11-08 11:49:21.881000,2.132017234718189,-2.145714198091585,-1.9225411673339392,0.9632249247146589,2.5526546551613136,0.7501620064801979,1.1646709328305973,-0.5365500915476006,-0.22559483011835804,-0.3331648102268493,0.5305794444687947,-0.0795303316671126,0.2589068824595279,0.4112467709355361,0.04365740031192894
2018-11-08 11:49:21.947000,1.8597718513313124,-1.987528650758498,-1.965313560222353,0.6757856644442931,2.349432481107764,0.6302011276531891,1.4863326574791529,-0.5411286812180305,0.15409757905776184,-0.4171418088126981,0.13337328528538114,0.17166241481229638,0.5382630265437325,0.45219548317633473,0.0966825997637263
2018-11-08 11:49:22.016000,1.1965107836952322,-1.8352754668169682,-1.8714510109831322,0.8911350599292689,2.054262083154295,0.6635849409364649,1.882989944402727,-0.8062722826735526,-0.07681277050612777,-0.6554562236795966,0.049314584101571496,0.39219483321626064,0.7954142401317604,0.5998917550676679,-0.13564905291167917
2018-11-08 11:49:22.083000,0.8236159690422276,-1.3457705808168154,-1.6055637497329605,1.1084721871049477,1.4873083953415513,0.5111636896389695,1.972815172146281,-0.8086676983873555,-0.35436392976128034,-0.3639562633826047,-0.1403731657905711,0.8069552341699026,0.43142646107959604,0.36868525250812434,0.45948905691113134
2018-11-08 11:49:22.150000,0.29234755850767424,-0.9936484234878669,-1.6029986524366604,0.8428203820515419,1.4958768434983098,0.8034689394003208,1.840210170407821,-0.5776565591984654,-0.12635278489564183,-0.10510444505009658,0.02732442742584104,0.6180047267951442,0.4726966049136009,-0.05380945207495172,0.19590751941363
2018-11-08 11:49:22.216000,-0.7579477203323468,-0.10602374143186483,-2.1628549296042423,0.6878919747858034,0.9293277217950551,0.5182241994502151,1.016397928850954,-0.3827092334121788,-0.32389702528179687,0.06162412981077764,0.4739305230573486,0.7241592161869664,0.31098676998156655,-0.09291439532605797,0.2348250059099653
2018-11-08 11:49:22.285000,-0.8261663585863841,-0.1350684849049938,-1.945727946304135,0.7158768450992543,0.764293105693139,0.37317861418180404,1.088249676608005,-0.4862940717901704,-0.25074695832173566,-0.033099123222540786,0.5915882452536615,0.7766505362309475,0.4245620786605694,-0.036225858209814804,0.24818993338890494
2018-11-08 11:49:22.351000,-1.5824333032335969,-0.12129981317252331,-1.5973812681585038,0.36286062675016395,0.8696515492077799,0.34587820846237505,-0.02383237207098382,-0.4631511971303523,-0.15623086011004275,-0.04408108862615432,0.5226531857697829,0.40112796171341625,0.10657782246577319,0.22125893114441678,0.12707102440933266
2018-11-08 11:49:22.418000,-1.5306918332018957,0.039571501034752155,-1.6579369288253687,0.007538391373329373,1.2179673351649059,0.41839823723461184,-0.3271838844485675,-0.6648588702671137,0.10510698771287968,-0.18548072353567263,0.5452855992859739,-0.1028083165974249,0.419204659135211,0.24529501276548912,-0.2122637478502321
2018-11-08 11:49:22.491000,-1.8025710674237827,-0.20548111550525167,-1.3565451528566932,0.06460500108802236,1.1510894156426452,0.5324701086416102,-0.39576988418265835,-0.5947710856472321,-0.07312084360119264,-0.3451335182013876,0.495656374251096,-0.10890581680916162,0.4641461937413015,0.5381918952196789,-0.2203671321531685
2018-11-08 11:49:22.552000,-1.7890474818345445,-0.17813587350539783,-1.3964124999418572,0.11056335585877772,1.1719088838510234,0.5165034747404793,-0.42828716206371564,-0.5965789343487492,-0.0428078888210473,-0.30571296249599833,0.47498824002838236,-0.28273283588470993,0.35004148287067416,0.5283164315831749,-0.06920501426618049
2018-11-08 11:49:22.620000,-1.7873908228999538,-0.17214699585821613,-1.4150740498388832,0.08519350505112605,1.1838137379904237,0.4927568746062844,-0.41170868889567036,-0.6333763583131264,-0.03054290049328931,-0.31729654182273936,0.4674238355859811,-0.20873107955022407,0.47298747486505355,0.5583673450455191,-0.05829377211431101
2018-11-08 11:49:22.690000,-1.7989456959134427,-0.17568126113895316,-1.3607087830318871,0.12137337655775768,1.1525491506819066,0.46410899066716615,-0.41100866624116916,-0.6458757900114583,-0.03647423778379727,-0.3917776743322635,0.49095743475404563,-0.204938208092446,0.47196198625439545,0.558082944415153,-0.08570251035494299
2018-11-08 11:49:22.754000,-1.8146257008539406,-0.20722602030163934,-1.3553391061856874,0.1070577366462657,1.1579040589964404,0.4854121084868646,-0.4095182099701161,-0.6389732044303703,-0.05408806039463285,-0.36557216771230133,0.5051720461476683,-0.11860586800818967,0.49318611678127944,0.5372794479163646,-0.08405216638007999
2018-11-08 11:49:22.822000,-1.7370846785220435,-0.1206421982393805,-1.5306690329145212,0.1684246922321728,1.2539652168037478,0.5286438153840002,-0.4725171560647058,-0.5800194952388111,-0.05419607647180609,-0.2997240591735093,0.3788553755651989,-0.2621576717467231,0.4245157562312204,0.5001039372109214,-0.0495900812343429
2018-11-08 11:49:22.889000,-1.7624464566431326,-0.16198730588704607,-1.470802590038372,0.14450271728409234,1.2546374037061958,0.5361145298859189,-0.43816171873985876,-0.6260371397435153,-0.060968226130728484,-0.3318749480255409,0.45761148008467256,-0.21428640421705403,0.4770700142898393,0.5274600728835811,-0.07199646977368955
2018-11-08 11:49:22.957000,-1.816163679003405,-0.21264986575757971,-1.3629627515751161,0.1376982452156191,1.1551928357850842,0.48513667940408567,-0.40847327614392914,-0.6513276001177211,-0.08866652056558831,-0.3447366014823265,0.5220744037976123,-0.0625490508767037,0.5321709413816872,0.5484471738849419,-0.09591651773451505
2018-11-08 11:49:23.023000,-1.8168982584962972,-0.20067905407560904,-1.357546697398334,0.12040762984350287,1.1516317982031572,0.5006986541640223,-0.41481401537308926,-0.6181143232485116,-0.08160706498359756,-0.3381485075339805,0.4677046465266519,-0.09107499115855494,0.47356104893067197,0.5348514667957649,-0.12017108816553544
2018-11-08 11:49:23.094000,-1.8013284635130904,-0.18626827047143069,-1.3713408270885281,0.1227355708294445,1.1579401353966257,0.5048374637271336,-0.416266982716895,-0.6024078976643868,-0.08576147705171686,-0.33176474550058344,0.45755021998655343,-0.1069874775158888,0.4496308851726081,0.5206076590342648,-0.12027541767862267
2018-11-08 11:49:23.159000,-1.7936923367879571,-0.17643817873017253,-1.4045353919620043,0.1292289020977949,1.1868812892884244,0.5309656893225178,-0.43469299766798797,-0.5776199783611644,-0.08997913297033301,-0.29973455571508634,0.40764119004679894,-0.1433802573722401,0.41096607427546616,0.4940019847630692,-0.09677221366605966
2018-11-08 11:49:23.226000,-1.7722619603714136,-0.1653167225079165,-1.4545554978308066,0.11131228559364978,1.2290246625961483,0.5391407809834635,-0.4453837491522341,-0.5717371132327096,-0.08161437301253967,-0.31487046488851544,0.385261742342408,-0.18602566848372926,0.3921060095836261,0.5140345022276364,-0.07102341417921086
2018-11-08 11:49:23.294000,-1.753417390792312,-0.15051704521872372,-1.5092489157978273,0.09596155230246525,1.25945220731635,0.5460855103146822,-0.4703615224698544,-0.5731245065173696,-0.08203132995562695,-0.32799720056857484,0.3616847434905419,-0.2109845694037838,0.42466300857521067,0.5385440563663885,-0.043993547884270304
2018-11-08 11:49:23.359000,-1.7894775264310705,-0.17095701211150083,-1.421775586340823,0.11360861412596149,1.193056777799454,0.5542483878594238,-0.44207220946097536,-0.5348571411912327,-0.09877604750310039,-0.2795374996626099,0.35397050241154354,-0.15504652121675416,0.35429852357739505,0.46846681168295423,-0.09525191090968622
2018-11-08 11:49:23.427000,-1.8125366921421038,-0.19208114395811282,-1.3680774475858481,0.1094520962150752,1.1375203297842014,0.5270668438477585,-0.42324420202515767,-0.5442108935758542,-0.10934827022145467,-0.29304563227454883,0.38152853389927854,-0.07998563748257323,0.37908928094702676,0.48782011787860013,-0.11512725076240389
2018-11-08 11:49:23.496000,-1.7560622340690775,-0.14788898906647824,-1.4584532956385325,0.09381820496785886,1.2274094375313382,0.5598052944539965,-0.4452541793490308,-0.5349369751155777,-0.08994192892209225,-0.2705936563248613,0.3218301134939481,-0.18453012474188857,0.36054353470315986,0.48904049449896503,-0.0970312716181224
2018-11-08 11:49:23.561000,-1.7490209021891279,-0.14572321515234926,-1.4977357894553538,0.11214166809055767,1.2683900988798533,0.564465502572756,-0.45306881267717536,-0.5571599527580967,-0.07603387579326135,-0.2996746763581274,0.3665423539864676,-0.2334606864430795,0.36752555200474735,0.49586012233044585,-0.060903576670791895
2018-11-08 11:49:23.629000,-1.76215078582514,-0.15801584921183215,-1.5173193611828446,0.09076406105397081,1.269305495921748,0.571931488653946,-0.47589647674607183,-0.5304358155532701,-0.07917419051178545,-0.3077091057149275,0.34084321149551455,-0.20173813045973799,0.35244719457184914,0.4986607890116298,-0.04180855536597092
2018-11-08 11:49:23.695000,-1.7158636559428193,-0.13682341320220398,-1.6298191763140406,0.10108439851382864,1.3717673301478295,0.6339085874630671,-0.5021725410128999,-0.5335182846345236,-0.06861517614926796,-0.29178935637600617,0.3328515789796005,-0.23917288022948402,0.3674001878654964,0.4965079778999434,-0.05040976916149323
2018-11-08 11:49:23.763000,-1.7076760647383762,-0.12540433845580634,-1.6299573841028305,0.09253205355946637,1.38273909055086,0.6158615163326371,-0.49711376553855835,-0.5562068116492045,-0.0571468928635924,-0.3146642274362216,0.3352761304495768,-0.2823021087784978,0.37072474868699634,0.5070487295433478,-0.020795792463745216
2018-11-08 11:49:23.831000,-1.7369982749676116,-0.16038366178612573,-1.5473792253525396,0.11397163374544358,1.3206232371447282,0.5889503769809968,-0.4682309337559777,-0.5944236011053627,-0.0814857512269757,-0.32652367604881205,0.4190414846329581,-0.15200862470070903,0.4431878975088235,0.5184065021643331,-0.08095303634100424
2018-11-08 11:49:23.898000,-1.7521767111535345,-0.17462152550671062,-1.544624141238974,0.10343262153625563,1.31866163339588,0.5972081329360189,-0.4746910674641346,-0.5826707590507155,-0.08993013691150206,-0.31668441562514016,0.41118209068465306,-0.1304801161627068,0.45631022056469517,0.5028416420317304,-0.08673349453969835
2018-11-08 11:49:23.965000,-1.2453154260928285,0.23248792269082447,-1.6889252959904777,-0.09818989289175192,1.280601022183917,0.5499214665855771,-0.24395870853264268,-0.7024900304376881,0.13137156444927156,-0.4671455182494108,0.39327488580711323,-0.15908110407980852,0.6334294574803402,0.13048346131587543,-0.3836165015853765
2018-11-08 11:49:24.032000,-1.1400774856880975,0.07557072411278948,-1.9318195204154045,0.357487460976477,1.3309911166725745,0.6912103623236542,0.057093858152081456,-0.5676757907879614,-0.13101841294788155,-0.2832755775869029,0.5700966677241849,0.04717261645199902,0.5114638851393858,0.03150112349377912,-0.08720468380412742
2018-11-08 11:49:24.100000,-0.723897264558709,-0.2366295595569069,-2.050097051096411,0.4258185295747562,1.380371798185819,0.7231442660667454,0.7305556134673157,-0.8480588085635187,0.1266843933131413,-0.3927168934243763,0.5498088374395703,0.12780711517705826,0.522302785906928,0.011198068985783322,-0.21283399955159787
2018-11-08 11:49:24.167000,-0.019469045972251298,-0.5631486207961691,-1.4905967612805076,0.2814313482685723,1.4206447587875637,0.9246449058675562,1.331477386837113,-1.0412875623948283,-0.08502098646716694,-0.6425304250739539,0.3543182998131219,0.49023496181498605,0.1951064035209621,-0.07070676942548573,-0.0882823000416119
2018-11-08 11:49:24.233000,0.24165112064578587,-0.8741653534671194,-1.902582089856544,0.6228162032905197,1.4647932672188186,0.8873223640082832,1.2503930769325606,-1.0107188754605327,-0.1869777925001428,-0.5256480031558883,0.036699973117370305,0.5857962991860465,0.09580506944830378,0.009735369385575898,-0.13203081982563153
2018-11-08 11:49:24.301000,0.4973373717828742,-1.326933612630269,-2.1116962459262343,0.2502208167924467,1.443899320798871,0.9457219534381016,1.0606049100074564,-0.8837434020208143,-0.09544203195340861,-0.3784520291781091,-0.15317705079768004,0.4397296754369938,0.24942106182359608,0.08828779894843727,0.17978575200682573
2018-11-08 11:49:24.367000,0.7439118229667079,-1.6509042403424428,-1.9267903286551094,0.6665854601175605,1.5848274651917837,1.020601567521859,1.1248585198227783,-0.8304888662661712,-0.2023758042823737,-0.3732599709640376,-0.1421358193483447,0.5891362253383196,0.10447703905772704,0.035922493991766974,-0.3332359561220755
2018-11-08 11:49:24.436000,1.2780495858167047,-1.8205684860975502,-2.1262719874604326,0.8861619846219893,1.5631054363076309,1.0813461230646406,0.8050327011338555,-0.5425725485327066,-0.5579731298472699,-0.3252919500472867,-0.10011800479568303,0.3964891758454813,-0.06749341552542047,-0.28942509723276266,0.06588162082713873
2018-11-08 11:49:24.503000,1.503409535043347,-2.2202177615850225,-1.8036251629796978,0.8125022439244706,1.393956297784713,0.9669041490149948,0.7192000523083918,-0.6990508868552612,-0.9612623794983695,0.035811864581250796,-0.08722643056011156,0.7625038753983145,-0.10430421152528419,0.0013150382058201016,0.13957588889829764
2018-11-08 11:49:24.569000,1.9271528444067316,-2.283020921736027,-1.744340414015259,0.7368654308056064,1.6220586869045812,0.7412490563951653,0.2908118518387074,-0.6465853826384338,-0.9476340065497316,-0.11652997995558606,-0.028609570795630007,0.38209133369649895,-0.14034993841631235,-0.07187106955053871,0.14537555486817877
2018-11-08 11:49:24.637000,2.1265212069496586,-2.419478159327483,-1.864784685001267,0.8861945199538706,1.7595183938098082,0.6447563782427344,0.009034145825495887,-0.7074551022267167,-0.681934922960482,0.0008649987390418334,-0.07642851908128054,-0.049588290622111786,-0.27997965846439365,-0.1270309078636466,-0.01758464837666089
2018-11-08 11:49:24.704000,2.5241691328976854,-2.3914037136070583,-2.186518272646941,0.5897805360704667,1.5975512810692507,0.4598153156455103,-0.06471689045175233,-0.5649225057576476,-0.8661326789245191,0.11343611745223259,0.23088085062198085,0.2352735516265428,-0.5269978430352162,-0.16425691455644043,-0.14444819906806533
2018-11-08 11:49:24.771000,2.410581647791717,-2.6812358848126654,-1.9741852260996244,0.8920142191220313,1.7262404953271315,0.13146473209867657,-0.28981362628033475,-0.6001878677481789,-0.6513064767181134,0.3695270421127007,0.33942779405467693,0.3088851075545568,-0.49081032046712536,-0.022006866661045982,-0.20133805565213908
2018-11-08 11:49:24.839000,2.7160076730082867,-2.431034616664788,-1.5932414725601534,0.8666386245691413,1.768724657708829,-0.1263317619201161,-0.48269894048707407,-0.9174569138270129,-0.33708058262072144,0.3214960578831505,0.18537745835284858,0.2623743471391136,-0.527748133826746,-0.37786698255277495,-0.18289194275985854
2018-11-08 11:49:24.905000,2.7119435440549617,-2.4190619878249247,-1.6261040901757402,0.6180697365620417,1.8483854403817275,-0.15037262862139658,-0.3544064258053204,-1.0733914524216026,-0.0526946949541478,0.6629945659067222,0.2642756125672114,0.19455414909974506,-0.2780888099198388,-0.5450134904343201,-0.2824236099396216
2018-11-08 11:49:24.973000,2.853259528092482,-2.181804565049402,-1.8477028334852026,1.0346265228324434,1.8279796434709543,-0.09374245653638183,-0.6175988889432986,-0.9477908745447038,-0.5717511165202014,0.6003596226987227,0.19771621992826632,0.007323608263059139,-0.7379687376599274,-0.30233616748028036,0.308290565476891
2018-11-08 11:49:25.039000,2.977115823643617,-2.000248998197603,-1.7369608576590239,0.8927458921254998,1.9502805273833252,0.1335268354609169,-0.5916086133031176,-1.0756867328142006,-0.6400043433598859,0.9433009509659868,0.03425974588164757,-0.25073683459202567,-0.5542836584631651,-0.5318053772311795,0.33129259320908994
2018-11-08 11:49:25.108000,2.9317471619919893,-2.0367756683674583,-1.8412200763805926,0.8581243673107681,1.9596101115774762,-0.04728566493055401,-0.5373982732981818,-0.894986685663234,-0.5302142542505834,0.6648795247750549,0.21446270085132332,-0.5663945629463581,-0.4626933226731214,-0.5861393522547345,0.2847560885153949
2018-11-08 11:49:25.174000,2.8679287316076536,-2.0682262166397933,-1.6490046904222821,0.7797200058491637,1.3981562706021287,-0.3409626723528156,-0.37903453836132905,-1.0752520996285229,-0.5854079684878911,1.001170208859738,0.24779809891409427,-0.18637850025253921,-0.07714524135815493,-0.1256762340516174,-0.08124111312302328
2018-11-08 11:49:25.241000,2.9759337879332515,-1.887216512400273,-2.042019272477566,1.219294006107747,1.5558003097865933,-0.1997417637924868,-0.32878173537048727,-0.7373474428997481,-0.5972118296618903,1.0871654091669027,0.3330581298513221,-0.15208031744361647,-0.1317217341603113,-0.08023597920958755,-0.43128304619970975
2018-11-08 11:49:25.308000,2.8497606519897047,-2.193558214809655,-1.6408789013528429,0.9700913080582532,1.5470963046965869,-0.2907673445375883,-0.42400761674843435,-0.846015101101968,-0.5801701861906727,0.9356685636364391,0.4319235353010441,-0.13921674926737432,0.011296871320831847,-0.24788364969563367,-0.3274695039494037
2018-11-08 11:49:25.377000,2.9011978958545157,-2.126896600192744,-1.5219840740460782,0.7987763649963252,1.5306770640225584,-0.4385402499496142,-0.38786866036041423,-1.1648954430473217,-0.41374465422120416,0.5958987776454914,0.46714195210455056,-0.41646331432596145,0.3854603289632378,-0.3793838301989839,-0.5107859842175491
2018-11-08 11:49:25.444000,2.9548236952202442,-2.0271846178268755,-1.8842911361501917,0.8713613759982584,1.7057509396269153,-0.1471477782541966,-0.5382029481916948,-1.199467851770095,-0.2555226021662447,0.886263360031549,0.5183226053600012,-0.6428588960622788,0.06339133025909643,-0.29257375051709156,-0.5823109056770238
2018-11-08 11:49:25.511000,2.8619160945255677,-2.026084475445875,-1.6932435015990683,0.6907004668089058,1.9169428485374453,-0.018723318792069045,-0.4949525796333135,-0.9547588179426629,-0.23700817807363223,0.7577192556673203,0.7601547952514709,-0.5835211203469269,-0.1122883107890304,-0.4822026004677272,-0.7322643268682284
2018-11-08 11:49:25.577000,2.8297517998856287,-2.003205420935229,-1.6613089920941257,0.8103668523329481,1.8330698931872504,-0.1064232492373878,-0.6273371899001096,-1.0782631942258731,-0.3019464885459656,0.7914821465829385,0.6236476521659898,-0.5746334430697834,-0.07967422036699395,-0.30336258739886157,-0.7078985350659387
2018-11-08 11:49:25.644000,2.8922366532972594,-2.042711756201557,-1.9006456662195552,0.807732486051883,1.8436786868965491,-0.06421722791773823,-0.5917513919890223,-1.1029951389666348,-0.24016147024564988,0.6374922725760659,0.5133300442945342,-0.7804821851583387,-0.24894255761473238,-0.4529996260936292,-0.8457509897944439
2018-11-08 11:49:25.712000,3.0393328362951566,-1.9216773029527368,-1.9543061440175218,0.6551291434068806,2.0795318982083844,0.010130800126104865,-0.7650043432724916,-1.0234224108383958,-0.24044963613654968,0.5718729393231711,0.5512730120532235,-0.7401976622972559,-0.3583458850682694,-0.48262624310197033,-0.8060799210241224
2018-11-08 11:49:25.780000,2.6864028577100107,-2.180238130214274,-1.8422120804893412,0.7840683084064696,1.8358948641283575,0.15874047947380707,-0.7269576375681813,-1.008852745157174,-0.4130397254074823,0.43911425866920717,0.6558467061170904,-0.7400371766475664,0.13883384406591875,-0.5129054646495599,-0.6683463215459144
2018-11-08 11:49:25.847000,2.902031854119582,-1.961496633077454,-2.063833394121431,0.7497118425692751,1.7654197820569144,0.17059552913025186,-0.5646547055321036,-0.9881138319701992,-0.5710353678444183,0.41623878880815834,0.659831524134546,-0.6190210358827755,0.16582303516243213,-0.5325508755794731,-0.8156751604906558
2018-11-08 11:49:25.973000,2.9647874278273196,-1.7978492167884945,-1.3820336097067412,0.8140477168337434,1.741642168304561,0.18998081501632344,-0.6990799678279532,-1.1160545035780307,-0.5805528540700587,0.3818239693161239,0.7455734118049319,-0.3050960380466424,0.31504290658649653,-0.453080493759316,-0.9684006505124103
2018-11-08 11:49:25.981000,3.163633451695281,-1.545929755818331,-1.2636441095223916,0.9213232026722058,1.876378271442945,0.015592786855264405,-0.6949721223477572,-1.1798366018709556,-0.3215444177790687,0.3873357366484518,0.5874772933303634,-0.23831506836480104,0.38639281323282176,-0.37670420290252005,-1.316362058821722
2018-11-08 11:49:26.048000,3.4016077032147765,-1.6105281930812638,-1.6033441634064058,1.1054357872540086,2.113271906153769,-0.012050763211312966,-0.8419602171930701,-1.0309573415829947,0.034923478430954724,0.6297611194113296,0.48468075512361575,0.020733713879755977,-0.05456015382559909,-0.640252792693925,-1.164185621004728
2018-11-08 11:49:26.115000,3.200102474474974,-1.9801062221510102,-1.7492547915752141,1.2958181763427108,2.173127896228792,-0.2501151585563735,-0.7816626041643318,-1.1595493852718441,0.23160356508961583,0.43611875916288534,0.5804559939988084,-0.12636332322218596,0.018014354918878484,-0.6388806378855081,-1.4462936137210385
2018-11-08 11:49:26.183000,3.0926509084253144,-2.3310229612661146,-2.0594444244734382,0.8476144395750751,1.934059596130099,-0.29544540174148565,-0.810606103313188,-1.2046155685409998,0.4246021059800227,0.38853417475891544,0.5081460816166087,-0.006011180311496472,-0.0756928763900695,-0.8029775394895916,-1.382562953424258
2018-11-08 11:49:26.250000,3.068324780584823,-2.3102032476502576,-1.9986409731786152,0.9779692969399112,2.1616257625561714,0.009658034118178858,-0.7382137883969977,-0.986072554195876,0.1577948136464266,0.35261575821244895,0.5926038715001206,-0.0066865852702814865,-0.21841021447756515,-0.7476609850961367,-1.3255475015116964
2018-11-08 11:49:26.318000,3.051439279795993,-2.464174390383146,-2.124335252471967,1.0047854286023576,2.3317335332082,0.16522156625359583,-0.6337238434909261,-0.810086509743584,0.3952561172801792,0.3118604592772441,0.47371190612013914,-0.13988530496602603,-0.2594855336334208,-0.7334083201424898,-0.6954662468342535
2018-11-08 11:49:26.384000,2.852798138751524,-2.4946153524140877,-2.455375501516241,0.754633733415056,2.626487161831424,0.4912062552242516,-0.03851521130425084,-0.7410397213792094,0.28576859868379745,0.27855737991273016,0.2826808646358776,0.055178091255090767,-0.15694293256285344,-0.3977812395747822,-0.6125994472134253
2018-11-08 11:49:26.451000,2.506015747485298,-2.2728660027797805,-2.491450908782339,0.7197762027927264,2.8913077540014283,0.8640286930747497,0.5796862418020431,-0.5760370212155023,-0.013532741901995021,-0.13673300625125542,0.26585875262027214,0.056217634375919284,0.21491025485093174,-0.23227124320836887,-0.8183808406324935
2018-11-08 11:49:26.518000,2.2345398317826737,-1.962446472776072,-2.5895733136999617,0.9012558852672152,2.64960725011002,1.0860856666553897,1.2233270731736319,-0.44154040978240544,0.06509881551938226,-0.5134125157461717,-0.015169318128689435,0.21547335279394714,0.40170522686887755,-0.22700814079561457,-0.5661405190866501
2018-11-08 11:49:26.587000,1.5237428034986245,-1.7228624808417605,-2.3264935828839373,1.0943617868095357,2.436945769322886,0.9849448851196547,1.6745016225927705,-0.5565079178165103,-0.018209737598426978,-0.6284706170902981,-0.11241900795335699,0.6116059395225865,0.5457623323543854,0.10985622266201908,-0.1848319457348288
2018-11-08 11:49:26.653000,1.0562996332314833,-1.2952650780611863,-2.2797197448906563,0.7697164728760623,1.8183367459363668,0.919671441352345,1.8087339930107587,-0.6674975955282916,-0.0686039542030164,-0.8296876543035782,0.11292988640461896,0.5988429079195301,0.7227051200512521,0.028276011494119374,-0.03365038073064007
2018-11-08 11:49:26.721000,0.11620422177594447,-0.5724679034096313,-2.0179491465073895,0.8361584044848132,1.9248457515738435,1.0740581754834502,1.690807682109848,-0.6830086350274404,-0.008721538855319205,-0.18566011840058338,0.4206693153209783,0.42705787304950804,0.5761013745841592,-0.1783150781239813,0.053111437898986716
2018-11-08 11:49:26.788000,-1.011145676139387,-0.19020726114687392,-1.9527661015681304,0.8754065076733277,1.06172782640163,0.6404300353487397,0.8301439514717432,-0.43390737539116386,-0.18895323348944162,0.13496551294607956,0.5809497706773773,0.7937368761465363,0.3791314329756659,-0.32402450667548877,0.21501392926201185
2018-11-08 11:49:26.857000,-1.41590268585522,-0.07264025458613871,-1.683862615785619,0.38227771784263953,1.1557966307295933,0.6009283265136327,0.061367535879957025,-0.4392763575186349,-0.21020959927019425,0.15179451743190567,0.5711117367727689,0.5551376086744962,0.2879156656733679,-0.011593847705695576,-0.032697167804629876
2018-11-08 11:49:26.922000,-1.3811082389883171,0.3191197031042992,-1.9314748049591375,0.6316506360902108,0.8193504800871481,0.3178903272376194,-0.37809645302465744,-0.4770286070405546,-0.21110934661237796,-0.07299560133831079,0.27461453657957285,0.40085033734575876,0.09299367350145729,0.32881526072229905,0.012193999061972785
2018-11-08 11:49:26.990000,-1.8706366357700435,-0.24020693822547717,-1.2949040996667613,0.2405282705900693,0.9457016951616113,0.48994792007944216,-0.39966227169608015,-0.43474813917599797,-0.3530331261192282,-0.042003738502565724,0.19276843330363416,0.2677268590777186,0.2483695494047013,0.5169819695313354,0.051264421168653956
2018-11-08 11:49:27.057000,-1.8793767452220997,-0.21184162586094063,-1.2656600744978408,0.22593312683130387,0.9182809342959097,0.5453341759270668,-0.4852072709347818,-0.27504257373585667,-0.38574859217742785,0.015960076291088574,-0.11555258180486236,0.15952126424813684,-0.07360522411485113,0.44750137706207094,0.15823152663975792
2018-11-08 11:49:27.125000,-1.9389479866127033,-0.25536241851398245,-1.1075486155714926,0.1719362643442043,0.7854197825530413,0.46788209126588165,-0.4039550795920463,-0.3083309445658194,-0.3632324822206243,-0.04647204608865613,-0.05680234960085989,0.310150015504652,0.04651800462069708,0.46882181908807785,0.0683620180872893
2018-11-08 11:49:27.192000,-1.9407842456259823,-0.24963758134755273,-1.0922981574090036,0.20311605567864585,0.7720671088394702,0.4254981978529954,-0.393902677225157,-0.3544262608382642,-0.3330410823287664,-0.06369129590046796,-0.021874844913652047,0.27849726768578625,0.060934168958020646,0.4954499328073866,0.1236686678319711
2018-11-08 11:49:27.259000,-1.4488149652830136,0.2520573859964573,-1.549794789186289,0.029192636252967835,1.0073340391675913,0.2951642538312122,-0.46111846756457986,-0.591237265418167,0.3562956542461454,-0.35359260128234254,0.10344738492478167,0.10902772071868294,0.4883307473617592,0.4381478766811038,0.0939980827853366
2018-11-08 11:49:27.325000,-1.3704102654766803,0.31421351261432534,-1.6508813552704178,0.3612121669670032,1.0703785788210334,0.2899555025636746,-0.4754521709802515,-0.741030989548335,0.2776145230069407,-0.30806029010923175,0.43170382562558807,0.28468777233943104,0.75901620863697,0.5076788241726556,0.17853392220421344
2018-11-08 11:49:27.393000,-1.3211599058507884,0.41103144350109516,-1.6913224927399497,0.4246320701049062,1.22732743808713,0.31162878101550934,-0.5534660408019227,-0.7105440989590565,0.2832816856991114,-0.5626424594404018,0.5037998622838803,-0.10895267955595989,0.6614844133701461,0.5113986437223556,0.1435183243017367
2018-11-08 11:49:27.460000,-1.7488898805518853,-0.1406280632182858,-1.5291237335335455,0.16870399992103027,1.3166418437620364,0.5222907392199467,-0.4747433303004348,-0.6368394678864929,0.001983187876358705,-0.4090086121944822,0.48182819609755945,-0.3262363604725273,0.5254354365562689,0.5056808803210049,-0.006287600339692209
2018-11-08 11:49:27.528000,-1.7794923164002174,-0.16067594992773393,-1.428573777291076,0.191404835784362,1.232339222647042,0.47829331038952483,-0.444222049593321,-0.6605264332841042,-0.024661291644879568,-0.4452527483660499,0.5401567770072636,-0.24675493756840117,0.5831418415546565,0.5226459287604526,-0.06406578239408679
2018-11-08 11:49:27.594000,-1.728251485679106,-0.11437760201202912,-1.5401374832651602,0.15187470639647013,1.3193336449189026,0.5262858039895432,-0.4738702117635414,-0.6276439743105895,0.013748347503077657,-0.3769975487332149,0.4535310792749059,-0.3833045144798143,0.48725823288896364,0.5054202671732919,-0.024891413478645735
2018-11-08 11:49:27.661000,-1.7184909148206562,-0.10620406740702248,-1.5878758927275394,0.2018593727171281,1.3268607937554657,0.544742372534823,-0.5047481500808916,-0.5702386642696399,-0.0024490918123429573,-0.42309660957657713,0.41938606723787775,-0.3747930488566139,0.47913446059044806,0.43749983736919607,-0.02982821976304474
2018-11-08 11:49:27.728000,-1.7781389774366536,-0.16043598271759663,-1.4285337624865468,0.18068164339231038,1.2425673614636301,0.48809286589466483,-0.4523467683967406,-0.6569768018465837,-0.016323831270192934,-0.44649987241744044,0.5495451266934487,-0.2522849315157307,0.5725871457235979,0.5112537005936676,-0.08654853129085747
2018-11-08 11:49:27.797000,-1.7661548813250574,-0.14075913989603855,-1.4547134170645157,0.1461203879630308,1.2413679424421105,0.494434449720394,-0.4682341136492184,-0.6316136910464222,0.015713485793651144,-0.4305595866552692,0.45867529897232406,-0.3103775501819285,0.49197835940889834,0.5146809659563258,0.011976068232220943
2018-11-08 11:49:27.864000,-1.7042546123161826,-0.061880118128020745,-1.6161446907379502,0.27883209538082043,1.294216288487172,0.5187525970188898,-0.5312600241902758,-0.4868927837280147,0.002674092413656237,-0.3822533103685048,0.30007324912866923,-0.42992481723013665,0.4309959260645492,0.3929919437872855,-0.022589332712077873
2018-11-08 11:49:27.930000,-1.7503772911940556,-0.11232427622690289,-1.4712353821107966,0.28304288633562447,1.2227109327958068,0.48835191432033104,-0.4767703949496511,-0.6210195179899526,-0.03722410465032111,-0.46857960429871365,0.47869771926225846,-0.3070381156925257,0.5523492680653578,0.43038687344247584,-0.13561185030319012
2018-11-08 11:49:27.998000,-1.677331488872164,-0.044428681216810095,-1.6197327833683526,0.299508159095896,1.3313578971255557,0.5360971255082659,-0.5387623911592953,-0.5315529655896803,-0.03439999662510393,-0.4061450398910499,0.35019572612436617,-0.44880319201519436,0.4395766390723842,0.4048572729187163,-0.031846696850046666
2018-11-08 11:49:28.064000,-1.748095309274963,-0.14610567141816683,-1.4768865345243067,0.16622404589442938,1.280241825250401,0.5097408006047316,-0.4707648556030073,-0.649977013231127,-0.0337361986293985,-0.42969713123762365,0.4939059604406991,-0.2572174778066237,0.5242317066899314,0.5260144044135091,-0.037996700970907404
2018-11-08 11:49:28.132000,-1.7670945952325807,-0.1486272790156825,-1.4472030242654894,0.15678279420820349,1.2709926997494692,0.5025670356198374,-0.45795426977311604,-0.6739553333162054,-0.013086708013965942,-0.4224880829889111,0.49580138514433003,-0.28548523852067453,0.5262196037308738,0.5463993390847994,-0.050032120405242464
2018-11-08 11:49:28.200000,-1.7464789064358326,-0.12309106933608638,-1.5125727730053489,0.25895520237547665,1.2777731142275943,0.4986243817183172,-0.4703633635289016,-0.6648198581761162,-0.03470329641012673,-0.4623062318375184,0.5363892303440856,-0.29154138776560523,0.6045117576821939,0.4902738296186089,-0.12984682338708226
2018-11-08 11:49:28.266000,-1.7499451852378685,-0.1509681646782164,-1.5125146550532012,0.1344578302790073,1.3099032754483237,0.5226981566129072,-0.4562011395644854,-0.6729018994408291,-0.007664313545122564,-0.38629068230896413,0.5084613514709304,-0.2798152083001022,0.5106362288125375,0.5329497848588539,-0.0057564779659244475
2018-11-08 11:49:28.333000,-1.3202357458596938,0.4467333446079445,-1.8431571170920202,0.18152249866073647,1.3329085852165392,0.4516893540234276,-0.3730488636270614,-0.680589789293211,0.10617533521323497,-0.3436425392691508,0.6300089937398525,0.0769179151949525,0.7586054187465979,0.41167054323105035,-0.37576871188157684
2018-11-08 11:49:28.401000,-1.220015072277303,0.3869945011778833,-1.6589380558274451,0.053171375456299935,1.3300291237115216,0.5506992714631825,-0.04122411671219234,-0.971196472583732,0.10314776562674127,-0.5166453559372285,0.9576680550440635,0.030968044797168387,0.5960919424106218,0.10812372811830137,-0.568359476392625
2018-11-08 11:49:28.469000,-0.8008283057715628,0.46808779499445435,-1.7239822336960904,0.26901720019962216,1.6344273323160134,0.7798363295526795,0.19540688952433516,-0.9055363875724728,-0.027929210763204232,-0.4241717462369628,0.6943678390156094,0.026401255544326263,0.40513393543827725,0.0022776495846672795,-0.0769800359795993
2018-11-08 11:49:28.535000,-0.5025479472155763,-0.0995735803592202,-2.217793567543353,0.4065565971167573,1.2902004458408785,0.798298300468884,0.8252434137641333,-0.8232243882529061,0.1443542657958442,-0.1799318232136679,0.3360730142855014,0.22195664589960198,0.31062531502014057,-0.13253018804554403,0.024104797350149518
2018-11-08 11:49:28.602000,-0.17540444595940885,-0.5818444337468922,-2.068008327184245,0.547279373721182,1.5386657387160774,0.9462048707710206,1.0677040690489878,-0.9703258301076517,0.12913490996093557,-0.4090112424630299,0.21350864499268526,0.3888743572769899,0.2975015980544978,-0.0760966518345926,0.09663238714042359
2018-11-08 11:49:28.669000,0.16820323481999955,-0.9866771844436748,-2.0517104312888703,0.6540343730365366,1.6811442784321626,1.0296836480162224,1.2526110645172297,-1.1375345474071008,0.009472188124025921,-0.2965186252210949,0.08066213841476486,0.43049812247692243,0.40330108143678334,0.14230423358287303,0.039648697919422674
2018-11-08 11:49:28.736000,0.6962739280800139,-1.41444798978759,-1.9092068527662047,0.6058050356459526,1.7107939992059098,0.9464123623730651,1.1558836709554652,-1.2248380042279818,0.06516534994426149,-0.49128514972297843,-0.08437936977888935,0.3928052635890349,0.3942563995786384,0.09293772098005756,0.08602650794236148
2018-11-08 11:49:28.805000,1.215448724746877,-1.6649402834559326,-1.7777130978785372,0.6948464321706931,1.6841321603573791,1.1191607932343268,0.9367259235602209,-1.214564574536863,-0.26717920470740797,-0.36355845653057783,0.2476478353937579,0.5685435314326358,0.3229005144734811,0.18199492549298033,0.1649018821713038
2018-11-08 11:49:28.871000,1.466011029688688,-2.0745795303305354,-1.947146483135835,0.6883604552535404,1.5848709466405064,0.9363230460709444,0.7618173665940695,-1.324578014021493,-0.22555865937464276,-0.5552093766869003,0.060135485839841074,0.37181429813284456,0.36931270823914175,0.13801162494827857,-0.02308023016232394
2018-11-08 11:49:28.939000,1.907979835090872,-2.1897472971249994,-2.260796705694196,0.5542177367023448,1.3689005513352768,0.6923939801159954,0.47974898175880154,-1.088266403156183,-0.41932522855119736,-0.729838994246806,0.26984222519228906,0.25503426615296276,0.1764904742378866,0.07687811264321226,0.05039583134746954
2018-11-08 11:49:29.006000,2.0926657463381604,-2.1134961042737284,-2.078488630076346,0.5199335406325809,1.7372486476239528,0.5966121515966015,0.4458011993910703,-1.1638983845070987,-0.36680255072526413,-0.3843818545942032,0.381080824013557,0.08505259785342018,0.3485827359232377,-0.044262142852453695,-0.337495121268301
2018-11-08 11:49:29.073000,2.259109971931072,-2.4245415373667543,-2.116052261078789,0.6758389263989674,1.7064250332681816,0.47506395430857923,0.057902931875105534,-1.143714908157992,-0.4484383104426937,-0.5170897329356507,0.3605826059793162,0.08916294193156427,0.04685241438739218,-0.024712876237554804,-0.35264819172720036
2018-11-08 11:49:29.141000,2.2648141428046475,-2.627391153014174,-2.0351677245612594,0.6211996238901737,1.821748921039834,0.34329849730570566,-0.20674169826789207,-1.095991143405431,-0.49069327909128585,-0.28541507795759624,0.5132683742274355,0.02843231061144115,0.19746340763917347,-0.13899846460351226,-0.5073790816336756
2018-11-08 11:49:29.208000,2.3430298570691317,-2.4509693125978016,-1.941298921189696,0.5875682598693959,2.0258886803570215,0.387035173024954,-0.3060490011961841,-1.0720308323720198,-0.4482935342893571,-0.379916172206075,0.46430443180109415,-0.2829566469030685,0.2695670323939706,-0.23699189526559036,-0.8931745781340712
2018-11-08 11:49:29.275000,2.540237405689674,-2.2322112779996774,-2.4803785979939215,0.8202786271076554,2.302175467985616,0.6224877428341291,-0.48410785544740176,-1.0191341790687105,-0.49325865449253237,-0.10361759232184803,0.32485919144730613,-0.676970527120146,-0.1355822903471539,-0.31708448395127364,-0.5133835315832922
2018-11-08 11:49:29.342000,2.416392501338551,-2.608695097059136,-2.265083277158065,0.543941799926047,1.9356361447879311,0.3624076087398524,-0.43046657153314327,-1.0252442729279534,-0.41313726673916107,-0.025124955214194118,0.442709264679754,-0.3756665732865213,0.16885797713534584,-0.31749155894774206,-0.7147821463932941
2018-11-08 11:49:29.410000,2.5267860031143883,-2.2262669083109623,-1.5886579493360242,0.4819769200988613,1.9258968702403427,0.28508966772833494,-0.34110705070482394,-1.2451923406271614,-0.6165272446443688,-0.06728841261557016,0.610587671908579,-0.14938306602899407,0.29739026767716836,-0.5925001839296544,-0.7815441977134756
2018-11-08 11:49:29.477000,2.4141603041892505,-2.50197666060072,-2.013398827050923,0.7488788377078652,1.850906922943199,0.30675456140956286,-0.444888168465873,-1.0993972307646611,-0.3901230912836492,0.028320249157011673,0.40443448379130703,0.008911218147015232,-0.428570689350593,-0.7415451093311056,-0.7142860268377093
2018-11-08 11:49:29.544000,2.4296372708984917,-2.2758698405656426,-1.8243934143440312,1.2583596026105561,1.3611758223072032,-0.03630946638509639,-0.4639522523829117,-1.1280096263896522,-0.6884623846498478,0.46275830408906005,0.18938103935237285,0.3701551564338532,-0.3575881811258966,-0.5631973784129612,-0.40408899661725217
2018-11-08 11:49:29.616000,2.7896328660029948,-1.7964631144423437,-1.2802737476994925,1.1900785994161571,1.4663239697275645,0.32597363053324796,-0.6164053837497939,-1.1517708891849097,-1.0100015773319875,0.5594205973676466,0.3268030652256544,0.29366544642605114,-0.3764975243413112,-0.8415041018785508,-0.36195296065543764
2018-11-08 11:49:29.679000,2.5580695447472444,-2.1067925598914603,-1.4793526200548495,1.150296078412509,1.444767804669657,-0.06057166921193661,-0.4991070898425023,-1.0612450128170243,-0.6712982411452897,0.6906633917210854,-0.022719988018580828,0.0774106722364028,-0.010647461885467224,-0.68579499685171,-0.47597512855634355
2018-11-08 11:49:29.745000,2.75251262437179,-1.8287747873020486,-1.8643349686175228,1.0131083881080227,1.6419830602791738,0.13120486088463876,-0.5703994156843387,-0.8966852953669504,-0.7209825158479454,0.8665802287630572,-0.028772358786588154,-0.1333590907358553,-0.2926241906367488,-0.9249526680631915,-0.00989258205737438
2018-11-08 11:49:29.813000,2.7589241985236423,-1.9081184186796496,-1.782289431419493,1.022485427552343,1.711413775513583,0.18015483868433765,-0.7122207877256997,-0.8400441555873848,-0.8168255548299254,0.9660843293153923,0.04816516964016279,-0.1778943402498706,-0.26561716938682123,-0.8233750092344218,-0.2728163790587678
2018-11-08 11:49:29.879000,2.7285822676847697,-1.7486048399393992,-1.5580686708596028,1.122936904833354,1.976242329909201,0.25016000918927267,-0.6823352318254874,-1.042677267019246,-0.8243215647690753,0.9709204709858895,0.027489921376239207,-0.40113901620140757,-0.20767954241047776,-0.8173105234952706,-0.37858563080135604
2018-11-08 11:49:29.947000,3.0573765767488563,-1.6644259338064513,-1.928163394692955,0.8513946778671184,1.5795084844587857,-0.08515264375004186,-0.736948771441308,-1.0364043628281607,-0.869234058964388,1.0099913652616617,-0.09528210345530805,-0.3757089871449561,-0.15206430639197893,-0.7004543469605361,-0.4333775576329251
2018-11-08 11:49:30.015000,2.902108493432255,-1.9484875892623084,-2.20464057771426,0.9769404838708888,1.8261453826385847,0.061168952847677725,-0.7495261481167481,-0.7578723339920854,-0.8730182259518491,1.0958855749098149,-0.007858611373263907,-0.38146126977153105,-0.32669174873571016,-0.7542961130090918,0.015818123432987954
2018-11-08 11:49:30.082000,2.769744890435587,-1.9833174415008672,-2.0344854780937562,1.126099857498557,1.7280155688791048,0.04179946897538241,-0.6380837815347145,-0.8724646477617083,-0.7095267615097273,1.1130966217893397,0.18859294715777716,-0.32827405888893574,-0.22429529427803574,-0.7296660745664746,-0.1878677598292413
2018-11-08 11:49:30.149000,2.9777164386451345,-1.7954011428781413,-2.22937605133951,1.1817504357087483,1.8542157277770817,0.1376640515463534,-0.6584567254225644,-0.774773890132881,-0.7004579573964981,1.0451599493245172,0.0714917743019382,-0.17043176484903183,-0.3597178385510029,-0.7578612642732844,-0.3633370682572889
2018-11-08 11:49:30.215000,2.8088201239801798,-2.2128477494496144,-2.284710910921417,1.1730050630846698,2.011987682654177,0.01088878179731708,-0.7294028148502535,-0.7024259978693699,-0.46878178630804634,1.1761697202499075,0.06864722621021135,-0.12673584561284107,-0.4305094298338803,-0.6785274759216402,-0.3651794081928718
2018-11-08 11:49:30.283000,2.830143196766868,-2.362922069364044,-1.9412492437843274,0.9909173619593736,1.6863410825209595,-0.06211663683104399,-0.7097000806641889,-0.8255309591153774,-0.42154890419804286,0.5946679835421985,0.2926141673295775,0.1239543077245982,-0.293478656218694,-0.6531808919339802,-0.6110535508582469
2018-11-08 11:49:30.350000,2.754675724900082,-2.6942545248465577,-1.9538504906154006,0.8366449897935441,1.6298332827914765,-0.09826061133662448,-0.6407001011229374,-0.5798951865100803,-0.27899810648289525,0.5676216861434429,0.3549681690909579,0.623990587114013,-0.6766216301039844,-0.6188197459745041,-0.5994226711859071
2018-11-08 11:49:30.421000,2.790040971217472,-2.480528113210857,-2.047026126271585,1.1885592835646348,2.0916992791341316,0.16777276629551738,-0.5059433493263784,-0.7342137681826021,-0.3460286364424313,0.29394693209599604,0.36707673504832217,0.10604831767821825,-0.6097242899192125,-0.6340216043908918,-0.47099601436902777
2018-11-08 11:49:30.485000,2.868478410602652,-2.5426160267451814,-2.290676642833027,0.8419587578268029,1.8218479668077743,0.10615863205450402,-0.2050116335329739,-0.5254142631532203,-0.4594237457190218,0.4401533318290324,0.18456111425871835,0.4373293442126686,-0.3779452071184954,-0.4488859072779591,-0.35688242428145456
2018-11-08 11:49:30.551000,2.7659354533823954,-2.5321613802169534,-2.548947201757124,1.2773747023900213,2.070884938808258,0.19486087806548244,0.27794698668111617,-0.4458449060496511,-0.47323647036830874,0.3409074108536363,0.2074419748535381,0.4557459973504704,-0.25623078016652634,-0.10300340092027466,-0.13376288665019992
2018-11-08 11:49:30.619000,2.4857856564022924,-2.3406332574762643,-2.2525940130668456,1.032711367992872,2.309604837515837,0.4616597136386719,0.5909582994441125,-0.43368452327196233,-0.446888427632971,0.24076133072684824,-0.10890337478872689,0.32947250772100417,0.0707852238022853,-0.04526457687933566,-0.06540832189666919
2018-11-08 11:49:30.687000,2.3679960180251705,-1.9017686048723133,-2.5280631591072535,1.1321603837858236,2.8437917160440387,0.990374435790748,1.2335204363223902,-0.5095515549826909,-0.2921886417395721,-0.17169162168908142,0.11590457152409536,0.06615788120561161,0.19884417142862104,-0.019322329747084893,-0.2879717549522921
2018-11-08 11:49:30.754000,1.8939670778366562,-1.8420682277759162,-2.5008152813199875,1.0586522477441918,2.387447937465766,0.7986819629197235,1.5355112102574573,-0.5846538129385408,0.017191077202227983,-0.4181395513691006,0.025547970950294485,0.30197489347615314,0.4305364939526001,0.17108503845954598,-0.12092054412710514
2018-11-08 11:49:30.820000,1.5843667098426106,-1.4442507234615871,-2.174951186874738,1.0428230106516607,2.037445855796328,1.0354523720639124,1.5308059258905171,-0.6700036033641498,0.05587860321096974,-0.5854058264523172,-0.06780254947322525,0.4244077208730452,0.5187364345522743,0.18382215325661994,0.052007851879085146
2018-11-08 11:49:30.889000,1.0101578048051332,-1.182726571684914,-1.8749205913126485,1.0723494539455816,2.074067646001676,1.161556419492049,1.9109138207854728,-0.8010831526346895,-0.055705526715795595,-0.5177009439345072,0.09466813391788506,0.619952212658008,0.9266992383800415,0.14767947438612158,-0.37501408169207445
2018-11-08 11:49:30.955000,0.44800607871023734,-0.8669780669500771,-2.0660063419474044,1.003020759211907,1.8981219154686864,1.0340170070196564,1.963418934764947,-0.8159718245647593,0.1972485783633413,-0.363023905836215,0.0717154723685812,0.49668458981264446,0.823885471008265,-0.04241677825804499,-0.019698469358961593
2018-11-08 11:49:31.022000,-0.44665522136931024,-0.5201910975820594,-2.0314169808937486,1.0762027878961007,1.2673005369024042,0.6932894388446006,1.4519323921515035,-0.7388728509552323,-0.054661806141090286,0.002453628613594813,0.36261381497648154,0.8062098055138159,0.5560940158927509,-0.27983187152662614,0.2557872843066088
2018-11-08 11:49:31.090000,-0.822565777929883,0.01908607570296622,-2.188079574061861,0.688972480709815,1.3086266352617801,0.7877733545047735,0.9006433036147656,-0.593376584365744,-0.2730554080458424,0.23377775029734715,0.804953931737452,0.5369366984959352,0.5156478474098678,-0.33406975698785313,0.15897509398371673
2018-11-08 11:49:31.156000,-1.3221180304636109,-0.013162961121095329,-2.016902347483242,0.49456918284458484,1.330132686862003,0.5838716597825815,0.07808714859790467,-0.6375236672927278,-0.09053834863584079,0.16603865157636807,0.6440022957915152,0.3538098946049235,0.37559808303429715,0.026941286262991665,0.2858748107429431
2018-11-08 11:49:31.224000,-1.4645234567423153,0.06088824128355924,-1.7787801918754387,0.22847133495995983,1.3333886246846658,0.5046701423065723,-0.14472144000949977,-0.701241066520328,0.11526686514430556,-0.32716223116813997,0.8571623169509366,-0.000770733696282333,0.6190400797270285,0.20375525340286113,-0.38872877788134247
2018-11-08 11:49:31.292000,-1.3815971365264512,0.08452215486990738,-1.892040190095001,0.026122642359477338,1.4526910947967735,0.5909857720114542,-0.32403137240276253,-0.5677892934058633,0.2244003507600647,-0.47529860931102397,0.6824978516247754,-0.16846083580418703,0.5517517613931571,0.18139542305805365,-0.30182893171008424
2018-11-08 11:49:31.358000,-1.5384913746062638,0.03976861537328841,-1.615157480298682,0.11193683039786059,1.1439476668485877,0.44553785067295776,-0.34654660663689396,-0.6216500201228028,0.18107838821208633,-0.24844611220767376,0.7106207493120992,-0.0443108885824485,0.4407735624295832,0.3846694884976487,-0.256531910320735
2018-11-08 11:49:31.425000,-1.7450106011956594,-0.16194274640644002,-1.5365029134653359,0.08020215174022716,1.2989378325314613,0.6358100429827563,-0.4788426653641059,-0.47187618375767293,-0.08842507187107669,-0.29887690286891666,0.3490700471035272,-0.199274018096596,0.3690116365730198,0.4123219603381414,-0.17752841587154694
2018-11-08 11:49:31.493000,-1.6868751355597407,-0.10308788737592062,-1.6512431012412625,0.15151498400148136,1.396981156649328,0.6057555290481095,-0.5151231320710452,-0.5631582033463289,-0.04149744881912479,-0.34510385088834283,0.41358600425340825,-0.3622404972090814,0.4105551794761685,0.47904131769731206,-0.11623509661240343
2018-11-08 11:49:31.561000,-1.6993151852773822,-0.14732550500568953,-1.6356911630416084,0.12489187055488163,1.3954558939585058,0.6459289293870836,-0.491610520718855,-0.5460911074900227,-0.05560187019200852,-0.329498775044134,0.45207930000120944,-0.26908548404066107,0.43034865802047617,0.4258021993993867,-0.13421686622259765
2018-11-08 11:49:31.628000,-1.7597610431280462,-0.19987561288749117,-1.488581706780553,0.10866299974025381,1.311686851815881,0.5880472943638798,-0.45009162457475804,-0.6165518519113334,-0.09616492616911385,-0.3741113700059711,0.535159979370743,-0.06802814453235556,0.5567208826542701,0.4757812683453374,-0.16695783174383633
2018-11-08 11:49:31.695000,-1.715805003722203,-0.16138630865367792,-1.6338391577851348,0.12500455040514755,1.409701524739344,0.602621534464935,-0.4885163764029026,-0.6573858476987461,-0.0650379892993988,-0.3862468573933191,0.5483660879372579,-0.19482974469889497,0.6012831604359353,0.5227233247834696,-0.06128925270221802
2018-11-08 11:49:31.763000,-1.6776881538794148,-0.13089969595244466,-1.718778441478849,0.106246197811703,1.492466463634482,0.6357398679696822,-0.5053482846799354,-0.6622802961876232,-0.04220368271730182,-0.35828701362582555,0.5092193956837463,-0.3082381473456681,0.5869439844771535,0.5236586742304555,-0.057197992557916924
2018-11-08 11:49:31.830000,-1.615857464435412,-0.08606362794165162,-1.8474281378184185,0.16584270836412687,1.6502529679815963,0.6909411266548584,-0.5794443464228735,-0.656268563939843,-0.050838730581052066,-0.37071492633495007,0.5617169385659259,-0.5719107978305065,0.45666012044942905,0.5363976905073088,0.033785952986583066
2018-11-08 11:49:31.896000,-1.6632454113770248,-0.13458128949982906,-1.746182020098826,0.0958309941931138,1.5222019659986676,0.6485803013639763,-0.49806759342292994,-0.6703012878365265,-0.034571954760607426,-0.355298014894208,0.5208002128007831,-0.32360717506079484,0.5922116678380221,0.5215980859234125,-0.06304636136297813
2018-11-08 11:49:31.964000,-1.6361680323818413,-0.10983623112212254,-1.8045886068690598,0.13088893303296115,1.6070175927434565,0.6764913040411741,-0.5434071131607718,-0.6707885842515544,-0.04510855690535703,-0.4005915608078534,0.5552220680161447,-0.45883579510536854,0.5650953303482485,0.5236227324190088,-0.034130936607920034
2018-11-08 11:49:32.032000,-1.6209428334368767,-0.11740266989389814,-1.8679565583531572,0.12381132489075033,1.607060633107057,0.7232421580010607,-0.5393480696881368,-0.5868356975317788,-0.05226051599337225,-0.3167167840445181,0.47807363363239985,-0.3351053701454282,0.5311177852166661,0.45403665569557117,0.04656970544476469
2018-11-08 11:49:32.099000,-1.6671980368879131,-0.13128421198809326,-1.7402109655904234,0.11987688279513395,1.5178781974941182,0.6462853538308745,-0.5082366450158948,-0.6516799215718561,-0.028647431568629478,-0.4059971193111659,0.5367596217532926,-0.35437538682805236,0.6004692468345912,0.5096036118171602,-0.05441398949921314
2018-11-08 11:49:32.165000,-1.6617450541324654,-0.11958019930038644,-1.7638766349952377,0.21938852288005825,1.5123387914815,0.6242938003033334,-0.5030560506436299,-0.7000935137600458,-0.058659757826478906,-0.42115920432590287,0.6423737242095894,-0.32287133457277745,0.720123147703305,0.4984422323480874,-0.12519277421511227
2018-11-08 11:49:32.233000,-1.6934945796862984,-0.1709647749183379,-1.679424751612306,0.16705972860999677,1.4613406309802033,0.5877356063793594,-0.45518249407322,-0.7213629037839231,-0.07598878772551657,-0.4135920046797302,0.6907340201148301,-0.22316878959313996,0.7412184760161787,0.5118241228075721,-0.07282899688614779
2018-11-08 11:49:32.301000,-1.6741732483278606,-0.10585953644433865,-1.7009816269243798,0.2892616105110366,1.4408784276080449,0.5437932355921471,-0.498597135536644,-0.7511783593044897,-0.04763314608708949,-0.4680476558470935,0.6894199730437551,-0.33120215665846175,0.781719955348057,0.4920942182036736,-0.10134712491626462
2018-11-08 11:49:32.368000,-1.6179558210454574,-0.12922279885917592,-1.8563168043940943,0.2045035300584078,1.5788728086909272,0.6698752560334957,-0.4954694831482298,-0.688864958437972,-0.0561657349199111,-0.2926874427188565,0.6801668607451244,-0.319874444788329,0.6409504277620593,0.47143551515807425,0.01292777924713421
2018-11-08 11:49:32.434000,-1.2625818273063718,0.2771972930040672,-1.9435324540769092,0.1868658373105442,1.3370710614216035,0.4536250811151579,-0.4738638976552215,-0.9024945413386939,-0.01411749155941594,-0.25363506596910823,0.6913436925575853,-0.013103296079488957,0.7832568281703465,0.25705819326740753,-0.06482976372150202
2018-11-08 11:49:32.503000,-1.2427013251786514,0.27390045353823395,-1.9787312737053755,0.4443395384455173,1.725657307342007,0.7263057386825523,-0.26627885713122473,-0.7930416202799446,0.05604495615871047,-0.40211038468165317,0.9222779110441963,-0.07281790318066683,0.607652055548021,0.05686095514792436,-0.1833932683732541
2018-11-08 11:49:32.569000,-0.9619630008106415,0.06585399863256097,-2.018850638862028,0.2361694802377207,1.6832833789449317,0.8459169596618406,0.334661912464996,-0.851975799503846,0.1262452046861342,-0.31567767923333245,0.9991505542590917,0.059253552886227745,0.7385183028545732,-0.1770570347963392,0.018666053254869766
2018-11-08 11:49:32.637000,-0.0270830943614655,-0.19454935335912726,-1.9770116025623874,0.49978758692475733,1.8579019320526329,0.9374191997596661,1.1766157509600568,-1.2093657489709535,-0.008520020609102952,-0.5011637631491237,0.46431724638323013,0.23086724538454406,0.38156578641323513,-0.13080939780100034,0.15536075420546974
2018-11-08 11:49:32.703000,0.0004930221219776598,-0.15722763509872456,-2.05591558459776,0.5772151255162071,1.8790401783617336,0.9904266365879596,1.1057819767574153,-1.0591884824421454,-0.08531423189978568,-0.4857954291329679,0.2846528956991836,0.19988126093882858,0.3057577040962187,-0.2469479838810454,0.10351250188004509
2018-11-08 11:49:32.770000,0.6212803421010977,-1.2682833855143194,-2.186884524188161,0.6039660076210304,1.9999252282673914,0.9827056546471301,1.0554674651015152,-1.1277947406476563,0.011103128579396632,-0.7139817973457584,0.168089062417094,0.24113674970349253,0.5119920292507194,-0.11499268635431864,0.24371617720249378
2018-11-08 11:49:32.837000,0.8126817877670982,-1.622242695804726,-1.81612718246654,0.7573946251346939,1.8442412492939502,0.812786398315314,1.0314395432191987,-1.3928265447222332,0.008599546918167777,-0.7597083058379742,0.36316384194344176,0.367501698997902,0.4265273766138039,0.03029224796473798,0.05980143454627941
2018-11-08 11:49:32.906000,1.2751079461396282,-1.8032575164860076,-1.9009463734993322,0.5413911819088872,1.8259900618910385,0.8243720626154992,0.7835482437313352,-1.3723303495135044,-0.12324471532894894,-0.7890199696114389,0.4568734422208004,0.3223378970645946,0.4436657958338245,-0.10510337811925582,-0.14636815052802915
2018-11-08 11:49:32.973000,1.8087325573583612,-1.9551334970755512,-1.9040588852492344,0.34169096711064584,1.567288851791486,0.7592056293021159,0.558953184819483,-1.3687048556796342,-0.37122944997599283,-0.6101787376981539,0.5152357217204646,0.02329803086417523,0.4180174655329816,-0.09976657798979763,-0.12283886553719515
2018-11-08 11:49:33.040000,2.0590849756872887,-2.4485781108404883,-1.7709948142226604,0.6810876701078092,1.7523385438066907,0.8031543566009256,0.06533136650224991,-0.9448970041330595,-0.3080216191871963,-0.5394147741336699,0.9308793841607033,0.019600508153144194,0.05782214623086945,0.05945370547805806,-0.4201593003599023
2018-11-08 11:49:33.106000,2.3871532138678617,-2.183871246427506,-1.594623456931645,0.7886247125082579,1.4817224785822471,0.9083442813519687,-0.2567847250875122,-1.015034458915457,-0.3692020658802785,-0.3370710899549045,1.254980868474169,-0.04686574703348023,-0.2708538610098751,0.1257146227522864,-0.5918465228770275
2018-11-08 11:49:33.174000,2.401947212863943,-2.6650302878460166,-1.7189432227231278,0.39479067017727676,1.350311482452387,0.7244706294016404,-0.4667993499817632,-1.0570514709420735,-0.01802019988059514,-0.22378814706953043,1.109378665085732,-0.31133832495689734,-0.21673171255154933,-0.062166549385999414,-0.7404175473319241
2018-11-08 11:49:33.241000,2.556225649021168,-2.5696111137041853,-1.9158473410585695,0.4519580206154261,1.50826213115618,0.8694873256768046,-0.5919581988174157,-0.9821547842826067,-0.06327526949453252,-0.030727628174559415,1.098901834086491,-0.6103629838267728,-0.3372470455735146,-0.18246674776247362,-0.5843596187184981
2018-11-08 11:49:33.309000,2.576278543928831,-2.4030799925723545,-1.9603236783458693,0.8530337131324182,1.380652099945264,0.6903525936428976,-0.5498859906036125,-1.0582960276272704,-0.20996189807901583,-0.11898938546023281,1.1547056293122568,-0.3890872602208236,-0.3903845670491499,-0.15365036786033867,-0.9005172648375971
2018-11-08 11:49:33.375000,2.6831137990414202,-2.578833320529003,-1.9189891934136678,0.6194314104530644,1.2776506613094698,0.8459811542384449,-0.7273583459670855,-0.6349035945590825,-0.37801045556781293,0.2005026510048865,1.0912584739502278,-0.4129442607591671,-0.34860403987297184,-0.13777297881849396,-0.5303289435033314
2018-11-08 11:49:33.443000,2.573202326336604,-2.7755655201103835,-2.176331041004634,0.7355951655109605,1.6246477852421415,0.8106063459537713,-0.8013701347260133,-0.8597897515643421,-0.30410396278149376,0.02991832540639021,1.1350595441621623,-0.2956551577813731,0.0352333357720328,-0.11479684688889855,-0.6558950176649736
2018-11-08 11:49:33.509000,2.638646053939656,-2.6256503127337867,-1.9448649824210982,0.9434112400972599,1.766162020125154,1.0495110486771864,-0.8428671906250467,-0.7839377801750075,-0.5146003047826513,0.23034592305130275,1.1686094635256736,-0.22952823869311922,-0.30436593123320865,-0.2790563402560181,-0.6501424895871154
2018-11-08 11:49:33.578000,2.739264627441335,-2.450490062656205,-2.1148531886368067,0.9142696029515589,0.9348847397401929,0.60470114819724,-0.7079065606979035,-0.536556528005772,-0.6753121796526035,0.48823586907106153,0.4824777554450006,-0.004966290703234066,-0.27693556358307747,-0.2753629737705118,-0.5841405973864353
2018-11-08 11:49:33.644000,2.674534198518346,-2.554666833981544,-2.0069041097551685,1.1197302656307238,1.2204925842397967,0.7070305190470738,-0.8026813045701854,-0.5391570760838318,-0.8394555377871836,0.8083510217061538,0.6357966023281019,0.05303390660482327,-0.4358908662353745,-0.27373281713555553,-0.13504504442591447
2018-11-08 11:49:33.712000,2.6326551404808907,-2.481176420417287,-1.7851858257473416,1.11348578254795,1.2820382260421064,0.6531569522472549,-0.8122985028678089,-0.6480417379509299,-0.8465128268620784,0.7536574295612603,0.8060089355793401,-0.1524268254646297,-0.21317339698264437,-0.08946285513253927,-0.29207632017756874
2018-11-08 11:49:33.778000,2.8224505752840194,-2.3661371859417732,-2.303682034583346,1.1428522367852247,1.499941434769675,0.6915012321267947,-0.8604456720268773,-0.6002017974528617,-0.8568585756228297,0.952165435081464,0.5940556170563538,-0.31132021996397585,-0.20038506633466052,-0.1886336404475746,-0.1633176572823271
2018-11-08 11:49:33.845000,2.750313999869432,-2.3467211007241433,-1.6680515379386411,1.1634520079168886,1.5336905128284344,0.711694419339169,-0.8880806464165236,-0.6765487771835236,-0.8110739990599888,0.7061873504390138,0.6900543870308774,-0.35951636777550106,-0.25334195476598986,-0.23521968291542247,-0.32806458048263737
2018-11-08 11:49:33.913000,2.7478127782053896,-2.4437883001192073,-1.9924675961516052,1.1307358267924426,1.4312445611963174,0.6166660050404769,-0.8646508827246384,-0.5508749298293617,-0.7878361285207666,0.8747129446521188,0.6898074713050265,-0.26557213676929625,-0.29431598725126923,-0.19553545975833028,-0.327904463939757
2018-11-08 11:49:33.980000,2.8318506664315235,-2.3994489332984603,-2.1133119229009454,1.180105701179119,1.5108390619478056,0.6288380714669312,-0.7871405461318771,-0.6561612953719304,-0.7419847759951794,0.915462367220187,0.8447246293929274,-0.3620285657202339,-0.1482001255040601,-0.2989860243376895,-0.4720237458801449
2018-11-08 11:49:34.047000,3.0463895264929386,-2.3550799983380557,-2.1142274383286463,0.8618332186868911,1.3285660555513443,0.6760612009018687,-0.9347101670554246,-0.6063687543627224,-0.7054242849287768,0.8875007873734088,0.746291570312378,-0.4079663158048356,-0.189307125631843,-0.14991831823003646,-0.439070021803596
2018-11-08 11:49:34.115000,3.0205015930062045,-2.4644693566174047,-1.956861000810236,1.0588695812126612,1.2813334604942033,0.46083708881130997,-0.8816392103708725,-0.48100501595613737,-0.9623660836582207,0.8140669629948257,0.8945078955727858,-0.20270227293788,-0.3864784779049958,0.04745962501228962,-0.2932237032167095
2018-11-08 11:49:34.181000,3.062320258687313,-2.3867749282538138,-1.6581524828170051,0.8499343078414405,1.2745764803486066,0.3412863553464511,-0.7140922442855973,-0.6037330399862054,-0.8638848051380325,0.5339882844906378,1.0523522546574078,-0.2544326748634719,-0.2072849040367043,-0.1856179045657407,-0.5195864704354716
2018-11-08 11:49:34.249000,2.973840748184773,-2.1627411481516394,-1.8453914304285202,1.2091300988287537,1.0128749899844613,0.3830610652083917,-0.6410652232878431,-0.6444876996089061,-0.88109442692774,0.9485052485655286,0.8036641276620178,-0.1783538934929978,-0.4142941274424715,0.09509803862176622,-0.47612923799392176
2018-11-08 11:49:34.317000,2.917459890914966,-2.301948015637072,-1.4484351920491567,1.1517760491164155,1.3962578847671216,0.5420278068364445,-0.6744872170805604,-0.7247749320759503,-0.8299082170258634,0.9630788861279834,0.8688921357387099,-0.2855155835394916,-0.2428041291690975,-0.22694505939376328,-0.34815296894936076
2018-11-08 11:49:34.384000,2.748840779517585,-2.5393881619878407,-1.709790067336699,1.237347356998354,1.4043391469829047,0.3989334305418492,-0.7610989081768555,-0.6586702635024866,-0.6664979830668123,0.9348337897921176,0.7926610889311537,-0.2500978126534051,-0.23416749725155372,-0.09963392966256254,-0.4164231018251557
2018-11-08 11:49:34.450000,2.6257862436335966,-2.6178870528434897,-2.057937622533042,0.8080291792545649,1.820180762284508,0.07325396413167759,-0.6996487447794068,-0.6820069716760637,-0.6224035508046536,0.6482230281842646,0.30999299677477843,0.010037177199101521,-0.14705732053818632,-0.2974062266980436,-0.6371552544243086
2018-11-08 11:49:34.518000,2.618402123908501,-2.840227133934525,-2.0238522532382204,0.9961811291337721,1.880161991672641,-0.14286357677275466,-0.48447234711026577,-0.7100057339127553,-0.5182790759047977,0.38615758046456694,0.5447568651725598,0.25639110595920594,-0.2070236582598921,-0.35400850936958583,-0.6482273867095358
2018-11-08 11:49:34.585000,2.788648643240183,-2.8004266233501713,-2.0289766724341196,0.980614767933043,2.1088579127155955,0.12651149455370467,-0.2567862926502362,-0.7329478898930565,-0.5997048301418717,0.04166429987432296,0.8339085935559426,0.14222902373201518,-0.010161624964149962,-0.5295360850990577,-0.40382182337667133
2018-11-08 11:49:34.653000,2.694002444650196,-2.616372913783372,-2.0788328193543837,1.2384386956467872,1.848281905524419,0.19332463303187694,0.043315348776578944,-0.658287534132632,-0.48609642872297926,0.12889025347560684,0.7390389251653006,0.5909940448627937,-0.029273110298193905,-0.23507931224990244,-0.604139188367088
2018-11-08 11:49:34.720000,2.4284534587057154,-2.673862885816876,-1.8726426723906677,1.2864773874725257,2.09315408419253,0.3324269596438442,0.2794740345204999,-0.799828854771501,-0.3282697164601455,0.34627672900386613,0.5839853109610549,0.43707379869648527,0.3762950033374975,-0.16252939886916754,-0.520436462513442
2018-11-08 11:49:34.787000,2.150765678317482,-2.4773589388319968,-1.868373647395995,1.3224808638325365,2.1806336489952387,0.5074591126144784,0.5765471974864128,-0.6719861337541381,-0.4418104183272486,0.2591936280473725,0.5151872575514214,0.5595832362502682,0.4735924650182728,-0.028302595312692108,-0.34676977354027644
2018-11-08 11:49:34.854000,1.9468039419078202,-2.150129178103032,-2.2784546870199858,1.3757413192120496,1.8698383688349458,0.5624362005599077,1.1777492728981334,-0.6437894627844166,-0.2777236725040948,0.11138432585694502,0.15610655035951002,0.4919219088730844,0.4568245728365371,0.2718803669469688,-0.3031049668302937
2018-11-08 11:49:34.922000,1.6783588541954928,-1.9700582854617377,-1.8553722508470152,1.1515041475265946,2.3136852585531873,0.9687278965437925,1.305245440611405,-0.581820419821455,-0.2103588042691621,-0.35587317475607616,-0.280559993037947,0.47937630384289154,0.6483595447731602,0.1853804597661238,-0.08904872377746843
2018-11-08 11:49:34.989000,1.2197697763102648,-1.4133615691239934,-1.9484799217181532,1.416658255889183,1.9694796161336208,0.9434302724473986,1.7245298987400215,-0.6448346377627093,-0.4820446128083343,-0.10175829656111302,-0.16168085237740346,0.8799787423744999,0.5891154904178054,0.2122914176544587,-0.16699267588108108
2018-11-08 11:49:35.056000,0.707849993670985,-1.3363801893925165,-1.9880879102386548,1.4342652682553956,1.5234625621528326,0.853179776842568,1.8242909611256044,-0.6275324867660869,-0.2408704680340566,-0.11217400124384186,-0.02676028486936327,1.0235863753045424,0.6157674548405602,0.17054990102408552,0.1913370872536262
2018-11-08 11:49:35.122000,0.5075590931015421,-0.7040133731874443,-1.9833395411092927,0.9536043355750825,1.4407844120906206,1.0357723022946683,1.8463849078469825,-0.8079739999817185,-0.11807884977101507,-0.07270783355081592,0.00644059966321997,0.3447038574122281,0.6155901522160224,-0.22364284377975277,0.4871240746192805
2018-11-08 11:49:35.190000,-0.3511827076040941,-0.5355677332101547,-2.1640626613458767,1.134724847401957,1.4301752965183345,0.8926009635754355,1.365874897607847,-0.4592885994493449,-0.06991083280628951,0.2684804539733656,0.3286669208601075,0.654694341158259,0.4383517088727228,-0.22723559874672858,0.33934863629961237
2018-11-08 11:49:35.257000,-0.9967415180245589,0.11217142948383568,-1.875004456234821,0.3908191471521222,1.2313651920832895,0.7858032764398662,0.29529982344758166,-0.4453852138882813,-0.2420032421177583,0.15937393639775888,0.5374185166743086,0.6256308213163372,0.35967582702571826,-0.30340658069732585,-0.08787162516037748
2018-11-08 11:49:35.324000,-1.4514278397902205,0.0159230755476088,-1.8451974979834553,0.32986979237779224,1.200289227764038,0.5753532911398044,-0.06714482259346899,-0.45553451733292166,-0.24701559585725455,0.09015480416303254,0.4117767770403141,0.45359297992140724,0.18106805616261024,0.06780984005812743,-0.1706391953047237
2018-11-08 11:49:35.392000,-1.5096294805031814,-0.024202676955368152,-1.8255908025242873,0.41038593307016624,1.2762329227145495,0.4690318882783238,-0.22667751608873243,-0.5125302443071408,-0.12386231686036178,0.030280538354128736,0.4560551418916152,0.35149960752611503,0.429927713041551,0.2952923090486647,-0.011771830639900949
2018-11-08 11:49:35.459000,-1.679855775377012,-0.13907424961197662,-1.8181944794421354,0.30467276871235494,1.4493507402570989,0.6807571778277505,-0.5799140070043899,-0.46911878069041624,-0.363247329113389,0.05926661985495321,0.2553591239248687,-0.1545416161913777,0.1774229592224557,0.5026194286544416,0.3189089682509889
2018-11-08 11:49:35.532000,-1.7425076600415617,-0.16208400623828684,-1.6300952033401563,0.35938122343279066,1.2400918755227082,0.531515631444333,-0.4806069176808,-0.5749875348452305,-0.3181557146822263,-0.014835093526345808,0.3723962361645816,-0.006640144855146801,0.36157867990496817,0.6024817443288463,0.2735377513857759
2018-11-08 11:49:35.594000,-1.7149723135037402,-0.14233701234127621,-1.599392826338988,0.16545802282985536,1.4007615176334236,0.5754952174113197,-0.4890638790892121,-0.7028733768858801,-0.05202066830071293,-0.38357846658995864,0.5333246559433278,-0.2587961747379825,0.5972807774156415,0.5455491006371579,-0.031020650749708764
2018-11-08 11:49:35.664000,-1.7648014028138115,-0.15345336262257503,-1.434496493522395,0.12459355068520092,1.2523785562599863,0.5325668870512469,-0.4592690814064434,-0.6306982725966108,-0.05112877230467949,-0.4015774372756055,0.5047659092530101,-0.23452615986418246,0.4860130305906857,0.5286569118034864,-0.14388116968504622
2018-11-08 11:49:35.729000,-1.606348434407388,-0.055488650147939744,-1.8602197605471607,0.3004307922035224,1.6017755851024196,0.6783108757643393,-0.6079026948193752,-0.6118661181516941,-0.10503096031871352,-0.38739422690893166,0.5031823477074637,-0.5002460959210678,0.4937700481614645,0.4808591823627607,-0.03831845012648738
2018-11-08 11:49:35.797000,-1.6263512434559273,-0.08534313729345894,-1.792312255268061,0.19518394641686268,1.55015643785529,0.610218242477103,-0.5700680886638136,-0.7166426598311947,-0.017881494696857736,-0.448842496820769,0.6297514743186405,-0.4974661558285468,0.5182398733232334,0.5645571991421133,0.0670156178314231
2018-11-08 11:49:35.863000,-1.5363748175714198,-0.01138763224510958,-1.948562520428919,0.2377694354062447,1.7535730470171345,0.679840761702041,-0.6541647277081942,-0.727619487159943,0.029546319208276328,-0.4067173202212198,0.6601612551772975,-0.8919191879448382,0.3676718415206394,0.5598444410994349,0.22695777485568686
2018-11-08 11:49:35.930000,-1.647282863529569,-0.11507560956839907,-1.7584732218934744,0.1637771926872804,1.5879940064906484,0.6117032604606334,-0.532453607066729,-0.7521266384909677,0.012861444395340926,-0.4501403429600676,0.7029867116014948,-0.5003814334798771,0.6006861176675546,0.5758884973789729,0.026634663937469813
2018-11-08 11:49:35.997000,-1.3692624185048885,0.2570690036038706,-1.9280478850687373,0.3372148960222545,1.6938104866328167,0.579577216729589,-0.4649713284553709,-0.7979530218912745,0.19013388220748234,-0.3474703061886003,0.9634036386939291,-0.30534834781467496,0.48518852407861734,0.37444071029956627,-0.020113965477828177
2018-11-08 11:49:36.064000,-1.6550257984538435,-0.09774880622443233,-1.7249725623843075,0.17978171580020444,1.5223497900078997,0.5884058188148097,-0.5281164926848966,-0.7527787446806449,0.025570207194177796,-0.45156725279849125,0.6155954756840639,-0.35948078169918435,0.7160266448789995,0.5529343406054659,-0.10736530341852703
2018-11-08 11:49:36.133000,-1.6641519444238893,-0.14020786280349629,-1.732401022673211,0.10066067475583482,1.5560303840382883,0.6169194049566107,-0.5202319108976103,-0.7331202658014546,-0.0049085522274587845,-0.45391689441429417,0.6086935486536836,-0.3413094670729466,0.6854512042377531,0.5347868633751057,-0.04420269384161425
2018-11-08 11:49:36.199000,-1.692369029019229,-0.1487646030074295,-1.665152275271253,0.127849061438126,1.5067326257779152,0.5847865978333828,-0.4995637444821366,-0.7866813644496748,0.024181392039631877,-0.48821946752021184,0.6795651315013994,-0.308577617726144,0.729544920523908,0.572182809648237,-0.08227591383994619
2018-11-08 11:49:36.266000,-1.6958109833329718,-0.15436047872034614,-1.6528770496215037,0.13030956503016447,1.5055499258781802,0.5927014065196516,-0.49508432636322375,-0.7790665659402269,0.022797869907101448,-0.47937106939119667,0.6726828641904276,-0.303061450182422,0.7235695679661882,0.5521095489906889,-0.08573974094610777
2018-11-08 11:49:36.333000,-1.6308132795133754,-0.10103738263883116,-1.8417809153328761,0.09379102064009137,1.6380416406426022,0.6715914001949146,-0.5487991295506152,-0.7097058380469632,0.05136296414745484,-0.4005091350754163,0.5381375244678561,-0.457050726838224,0.6227340725095936,0.5472880781842132,-0.006615209571872435
2018-11-08 11:49:36.401000,-1.6848806341833555,-0.1507901316399144,-1.7107323874024873,0.1311764763949971,1.556003675923415,0.6161037090459943,-0.5140447636011423,-0.7799021042252159,0.025041746596563413,-0.4785244586487168,0.6783612696100156,-0.3298567818534155,0.7387586687969743,0.5668432270668612,-0.07407591170117149
2018-11-08 11:49:36.468000,-1.6972584361015903,-0.1555423418891198,-1.6423752195234418,0.13628593907665423,1.4881147622639743,0.5778892876521936,-0.4885715387116545,-0.7867005632609225,0.024630200116788042,-0.4888582204895825,0.7034335254725081,-0.2909318137620616,0.7334816752719185,0.5630883181527531,-0.08051714661694202
2018-11-08 11:49:36.536000,-1.675545993517517,-0.14379823932969443,-1.7059088308743964,0.11606347322464136,1.55656175548021,0.6022128701131787,-0.5194178824277506,-0.7947603801018308,0.017754230650088215,-0.49713794139493594,0.6629062176955013,-0.33937853306396837,0.7736136544270413,0.5935376775122939,-0.09187114002472473
2018-11-08 11:49:36.602000,-1.6578500678867332,-0.14259199730123112,-1.7884261683282932,0.1023703491084377,1.6147343667636365,0.6358404562073353,-0.5433471262584094,-0.7732101881208573,0.01283184720718919,-0.4653028329447052,0.6441243580904695,-0.3437421937297658,0.7444660322874121,0.5949066125558279,-0.04514823821999846
2018-11-08 11:49:36.670000,-1.680882965964015,-0.15244706344768938,-1.7150493783070357,0.13500571142474546,1.55591668968717,0.6078720160226361,-0.5103215443981272,-0.7946760140872317,0.015987633439438348,-0.49057891762342964,0.6932322752366846,-0.32493247110052226,0.7560344349151117,0.5836152410555207,-0.0759922734250399
2018-11-08 11:49:36.737000,-1.666842634839468,-0.1365934342341032,-1.7423957360084101,0.13077541412738095,1.5888585627053466,0.6287349616238358,-0.5303157453076258,-0.7703342598286408,0.015048637013885563,-0.49127724039253956,0.6664170426710698,-0.3431193688544292,0.728405415782766,0.5826535449119372,-0.07482779775569494
2018-11-08 11:49:36.804000,-1.6651557375819275,-0.1461010828731757,-1.7463361574046823,0.15412144919876372,1.5891979229318243,0.6193541886056556,-0.5234185336490548,-0.8054921842520935,0.009558143549123765,-0.49702178880971837,0.7190902106026955,-0.30717236756424343,0.7672133577294441,0.6012305704814264,-0.073773077609653
2018-11-08 11:49:36.872000,-1.3270311609885728,0.21951610372387648,-2.037303939020925,0.17174142123851902,1.7230590255595208,0.5746591668062272,-0.4992601607248206,-0.8673501875575207,0.10003558176509308,-0.4656850514391216,0.8679547813991849,-0.20230639366652425,0.8686136790445959,0.29861498548451737,-0.3289129495316574
2018-11-08 11:49:36.939000,-1.2238513776353042,0.37493661851449483,-1.909509070111162,0.2948934978947154,1.551319185542689,0.5738214201423876,-0.22277232559889049,-0.9482379925964401,0.17696372239407898,-0.7024611554389772,1.095677805085272,-0.06180334026603196,0.8594915032277464,0.08287602541639036,-0.5306111171744584
2018-11-08 11:49:37.006000,-1.0789435376235947,0.18373612886173168,-2.142107218419993,0.5576077456888163,1.6609848437864627,0.6480521228130768,-0.010451613598031595,-0.9439303664321561,0.18420054497964689,-0.5712504423093578,0.8181590089056048,-0.14322836703807956,0.7149122138269344,0.013601661236012391,-0.11944700603476925
2018-11-08 11:49:37.074000,-0.7722658106574105,-0.14576950729223537,-2.0376104360244995,0.4384545146943726,1.7637240618824759,0.6851123161798309,0.4059577751527803,-1.1046987191161861,0.30858954892955065,-0.48266634300689126,0.8741631354565046,0.01830951896975691,0.5856951370238314,-0.05812272986608771,0.21172353385294113
2018-11-08 11:49:37.141000,-0.09242595947287313,-0.17103080323495756,-2.1956407203829884,0.21481400111347174,1.9254461609360494,0.8499648651396214,1.0270061797203116,-1.2375490360889834,0.22052014505773243,-0.8651324319653729,0.8883348570312072,0.15769240534574652,0.6139988425360137,-0.22154207100943,0.02216487105781169
2018-11-08 11:49:37.208000,-0.06947981201895681,-0.4719846126981365,-2.11647685098459,0.5566044106472676,1.9795449056893983,0.9682707201972074,0.8278644045561394,-1.1827825213106966,0.14498605070421455,-0.7049093722781811,0.7583852856250602,0.2746184191476353,0.47087349506976417,0.01183474179292135,0.242018423736171
2018-11-08 11:49:37.276000,0.37453437401987166,-0.6160340694977531,-2.270921511407575,0.47103882236713,1.9379452779026067,0.9174102036659578,1.1569274698291965,-1.2097262181743835,-0.025168458344125372,-0.775473127909354,0.5479125185218106,0.2239962028909412,0.5264385803929907,0.0165182367403697,0.05201423644114335
2018-11-08 11:49:37.343000,0.5958224664797487,-1.0260974531461715,-2.0204775708776586,0.3179655624812884,2.167996351469013,0.9711784309609308,0.9484723776717762,-1.3185048794874388,-0.03844702170839695,-1.0088239175203486,0.7084703332414267,0.3886756599604402,0.670978516136073,0.11351988276004724,0.22615110864683807
2018-11-08 11:49:37.410000,0.7565521077562574,-1.1428179729112489,-1.8594988872023632,0.5671462641756082,2.2287742263941825,0.9493724064714475,1.055442459155767,-1.4644471895535738,0.17555012995676667,-1.0003516509681076,0.5598310764015703,0.2086934058994238,0.7654645963666054,-0.016249259308794145,-0.054182236793586316
2018-11-08 11:49:37.477000,1.052527022039341,-1.2900841988221212,-2.11996616403628,0.5215169452340208,2.175706307130253,0.9811935247093911,1.0165864914041003,-1.535222425880699,0.11358398693105065,-0.7730966170455809,0.6340176652178208,0.09659100078308541,0.6776227462169307,-0.06440604447500356,-0.06070890758000462
2018-11-08 11:49:37.548000,1.1851520764340564,-1.6758545586950817,-2.1591870025573634,0.6797170219622006,1.8531052708250524,0.7704934380098896,0.799277680126835,-1.4579585412515226,0.12897289803107614,-0.9454144555650558,0.4580927206965374,0.16829344133924684,0.8361685655664801,0.19637861191444875,-0.3498333044884457
2018-11-08 11:49:37.612000,1.3374451186181213,-1.8592676359377514,-2.1254509823636676,0.9042057803158328,2.0144046012697885,0.8448340854768568,0.46914972122991305,-1.506936842626373,0.017711972427651435,-0.7521001770917379,0.5759848916388473,0.0979554470908649,0.716531876339973,0.08185905893180853,-0.2908219082648012
2018-11-08 11:49:37.678000,1.626868546804209,-1.940690756836108,-2.3985931321993403,0.9491027964317971,1.958393892666305,0.8000229010847761,0.24724242942327213,-1.3264947241120824,-0.15103375911335518,-0.5955945467851841,0.5214169066429006,-0.2238338931585333,0.4025893188103814,0.21083949491101306,-0.23319149826134644
2018-11-08 11:49:37.746000,1.8322446008549562,-2.1894589443688113,-2.1798946583038346,0.866114622121521,1.6668890455950087,0.5516952837879536,0.030307427435803613,-1.3530424348321255,-0.04725235966978486,-0.5550896514804952,0.5009922284311225,0.034035974445841194,0.1832475150280235,-0.026618563084372243,-0.4491945596076798
2018-11-08 11:49:37.812000,1.9685560560954452,-2.3764606064827145,-2.1394271774131264,0.8036105643590195,2.1035025153202147,0.6187934691287811,-0.2132606672117413,-1.4131179597958166,0.05988362774278039,-0.5998031086548659,0.5426969669831762,-0.299690412722368,0.3828442932635663,-0.20240639122635404,-0.7326842670450743
2018-11-08 11:49:37.881000,2.1597496816772255,-2.368755613248933,-2.083120104558931,0.8347996921456503,2.316926234315441,0.4605828222807748,-0.5605114698597861,-1.1930220604833388,-0.0910333834009242,-0.3024608484300154,0.7885863303213667,-0.41361361800386776,-0.06721287330319137,-0.28730637065221176,-0.2941459718403054
2018-11-08 11:49:37.948000,2.0975286438582366,-2.424145603824433,-1.8794173421497864,0.8638746657546417,2.115758954311218,0.32624630636357793,-0.4941467257695509,-1.2668504654166524,-0.12396021276330046,-0.3817792782545121,0.9466617759110656,-0.1636628043185024,0.069844008465065,-0.22968273627680355,-0.36809199894010264
2018-11-08 11:49:38.014000,2.1997974807897043,-2.401440670566088,-1.9273238359016014,0.5537174161610546,1.906086539554321,0.3405670456300803,-0.7864886103480507,-1.1726834750339201,-0.2274140412097828,-0.06822544733418316,0.8434927594072732,-0.36165638667474187,0.23133628329018308,-0.3154310799839375,-0.5156691104734139
2018-11-08 11:49:38.081000,2.1989781679150227,-2.47247833428811,-1.9623300531299261,0.6490176949179963,1.5933386063316055,0.14295288071924703,-0.6547676218080143,-1.1170051290256464,-0.1766409998646002,-0.031501705162756855,0.7125334309063779,-0.2713468852807844,-0.05858523307468588,-0.3678185389215517,-0.5500134409211375
2018-11-08 11:49:38.148000,2.2587930254119506,-2.4841295065078164,-2.0348033114641932,0.6178525934352388,1.7206507697423303,0.37819952562169373,-0.845403251025377,-1.1216046157644983,-0.20699918001582815,0.17339317526716758,0.6347037500396058,-0.17641799781896228,-0.247238779084464,-0.47774382612277955,-0.6352997226948973
2018-11-08 11:49:38.215000,2.262231403417478,-2.466119652586831,-1.9147816868587444,0.6837571807466896,1.9324869187637037,0.2971387745753778,-0.9448563546073788,-1.0838420358178058,-0.13759809138316945,0.014006600146599976,0.42844702199041707,-0.47657170348795785,-0.11776626612799673,-0.6884106125969415,-0.8131300664758944
2018-11-08 11:49:38.284000,2.4287214498187817,-2.3472789817216055,-2.21953790016444,0.48027262254199576,1.601763055271984,0.3096935992936802,-0.9281968478746531,-1.10542986363411,-0.258123250325535,0.06441533937582078,0.5444157939829608,-0.42023174836708155,-0.21554572692736118,-0.5113791486042832,-0.5755632499198933
2018-11-08 11:49:38.351000,2.336181559080173,-2.3129958270741433,-1.836945771235665,0.6622095331956518,1.732110019467075,0.35069708284609885,-0.5687053237228186,-1.113440406495352,-0.27760983650309495,-0.07143441963996777,0.7451604436797927,-0.44527681796817753,-0.08124308077921638,-0.723402367151626,-1.0681927496699528
2018-11-08 11:49:38.417000,2.2855812891980714,-2.3362670613146355,-2.0246186827344594,0.8500841747915211,1.8328375693032712,0.2355128017203619,-0.8651179631238214,-1.0260877222785878,-0.21847139098938206,0.08973169596971192,0.4896079015674448,-0.38758287874418573,-0.07245943521396536,-0.4560311814397108,-0.6417390567543337
2018-11-08 11:49:38.484000,2.474634591748792,-2.216415682243193,-1.8317049695711856,0.5857972754403472,1.7572206189561266,0.3462539631207902,-0.9229938027934973,-0.9537911358443524,-0.2936861048650099,0.08640409673678714,0.6429385028654595,-0.3281105643521843,-0.07951758074830295,-0.5625120442469397,-0.7000537950157337
2018-11-08 11:49:38.553000,2.351563022919202,-2.469634496752583,-1.664573765269707,0.5755526042542194,1.7035072432093452,0.11577248700506235,-0.7986676698245481,-0.9689434309364539,-0.055936982338600866,-0.1505398383950221,0.7292054611365524,-0.4557482556212882,0.13175225572156796,-0.5909566348074232,-0.944781312307649
2018-11-08 11:49:38.620000,2.4467227587946843,-2.320524041903253,-1.7541687968449031,0.5411390392366184,1.7037018649223414,0.06733156752023203,-0.6996006808874907,-1.047627052114477,-0.15970350391323784,-0.13087286783233087,0.7650813786293437,-0.6150186312874228,0.03332469508449265,-0.6123811572606859,-0.9538494404688966
2018-11-08 11:49:38.687000,2.5090438070555487,-2.345810946979653,-1.92195218584415,0.6706497345871545,1.563065444305767,0.04125107532054858,-0.8433277671545761,-1.0008616674776973,-0.14328333101180984,0.025461707917254217,0.7615975237266173,-0.5693014342402117,-0.00842265972788081,-0.3389396038907231,-0.525761404990821
2018-11-08 11:49:38.753000,2.437496609306132,-2.324133796060826,-1.804443342741574,0.7894679564352961,1.5009809337508915,-0.12248560926374644,-0.725824001806679,-1.0558886388352124,-0.13727434840898511,0.12135810519337387,0.8574617716770656,-0.31526698055083524,0.02316339277848123,-0.3894617713771239,-0.7103426338137722
2018-11-08 11:49:38.822000,2.4016032156625773,-2.4233583764744555,-1.6463211031304763,0.8864002883817577,1.6492255374106084,0.032676667466540375,-0.7600251439351055,-0.9640967771185843,-0.07823851398455661,-0.006954812347748196,0.8639304549155132,-0.4985314274302496,-0.013451466345270835,-0.4825882421182398,-0.6791845826512635
2018-11-08 11:49:38.888000,2.409469438719741,-2.48003086702611,-1.833815263028224,0.9429895038857561,1.4524801704271209,-0.029144227376665256,-0.7086460170705046,-0.7329004044346376,-0.33220876490984996,0.3778770103223272,0.5440578647747251,-0.1601144435677438,-0.31723868281573475,-0.5072523906001235,-0.34594158479015025
2018-11-08 11:49:38.956000,2.331122260643922,-2.6044718614791877,-1.879365079085832,1.0074716132643777,1.9890285763802162,0.17941893023870056,-0.8188065535653578,-0.7722796048604377,-0.08776190967842373,0.11517139233310691,0.7354965425189229,-0.5266833975127454,-0.24036997114020942,-0.5074374361790538,-0.5539407177308875
2018-11-08 11:49:39.022000,2.584155838711597,-2.4686551819817626,-2.0889252791451356,0.690212919023661,1.8681880142236178,0.10003115842154361,-0.7916591977969202,-0.8277183081898395,0.26410812571200504,-0.11088604919057833,0.6882435574265251,-0.566514305622097,0.03562073425769119,-0.5730567099798196,-1.0679257176649888
2018-11-08 11:49:39.090000,2.4900878849889496,-2.581242037335156,-2.018092971107214,0.940257810101617,2.032496066224901,0.10390478383317522,-0.7875896402311279,-0.8555075239573015,0.20913747793798565,-0.12734615748023193,0.76818605373699,-0.5545578225774678,-0.002209006187319229,-0.5861723854248606,-0.9949390432323331
2018-11-08 11:49:39.158000,2.592645611773004,-2.5989294086122845,-2.097130517310091,0.8434133079078263,2.0558326693680304,0.1537992687359487,-0.8372999651697787,-0.7874088496194954,0.15480388770289688,-0.0993670318141313,0.6510080672077359,-0.5490004336436413,-0.24566838545705139,-0.5341307121162179,-0.6796262922574746
2018-11-08 11:49:39.224000,2.4790994260982373,-2.5879657502639106,-1.9357523179063805,0.9727044155765558,1.952597619780461,0.054132174018575584,-0.8006835486645225,-0.9066711858410147,0.18312767213588615,-0.05535066430620923,0.7624001752285077,-0.4616091436690867,-0.09789564737535206,-0.5315375632986201,-0.9122913878264394
2018-11-08 11:49:39.292000,2.754057639339205,-2.4044280687648594,-2.0462499614606093,0.7861758731581221,1.7401444937711337,0.10000210566591214,-0.6470436761549835,-0.9007562048443599,0.11572500486253418,-0.18383564993517948,0.838137837245996,-0.5190934237395923,-0.08131531707429052,-0.5993457413369855,-1.148702514265777
2018-11-08 11:49:39.361000,2.5210544532981096,-2.5920634524651733,-1.852130261764104,0.852064062355057,2.0761646922796313,0.19992442713357525,-0.7478126329771265,-0.9028747368372783,0.08718057083014336,-0.2690610634516546,0.9560860889903852,-0.3365025516109852,-0.034350756891372014,-0.5645816592645089,-1.0591181871100712
2018-11-08 11:49:39.426000,2.6804633114461076,-2.5154943409302737,-2.259462096151601,0.8509342106166977,1.9349946566998013,0.15187378255913428,-0.9000018802236334,-0.7608919157509574,0.2044761010730768,-0.09559888938037134,0.7122571595045339,-0.6691724405077403,-0.21986798059159074,-0.4460965283263365,-0.7306061114097526
2018-11-08 11:49:39.493000,2.803367182921428,-2.3762539767731,-2.0990911274361075,0.726123994634155,2.414108770923264,0.29553656335494277,-0.7267220977223208,-0.8742471783349725,0.10556872535377793,-0.3327865942506399,0.7564575629311455,-0.8059949401816427,-0.17294943114635652,-0.47748491633266965,-0.8671450183416366
2018-11-08 11:49:39.562000,2.931810828352825,-2.3567695445979973,-2.78474362691816,0.8761061674034691,2.798717803114807,0.6009134589632172,-0.6721102679522429,-0.7184706221501969,0.4024118648893201,-0.05871493548117049,0.3438673020643387,-1.3096449550338258,-0.17641579464322438,-0.2750148942184474,-0.7072474995007638
2018-11-08 11:49:39.627000,2.7962259306879895,-2.4875343186364822,-2.4665305629985332,0.6701271937559586,2.8855903519475357,0.7553205111886121,-0.47977909272996255,-0.8041338311539764,0.2510976904160605,-0.3457616730530678,0.5889910582969623,-0.7190619278711449,-0.0683046494017544,-0.20384953859769803,-0.37774149961474096
2018-11-08 11:49:39.695000,2.768755791547081,-2.1710229508899648,-2.5176376210318705,0.588641812118927,2.933545945825844,0.9208031134880506,-0.09789630440595531,-0.8323007249290235,0.4599129232605492,-0.43244788235192533,0.36767482497542914,-0.8499818685635683,0.06902357917214624,-0.47509066333897243,-0.5520569964804716
2018-11-08 11:49:39.768000,2.204369863064242,-1.9305756788924242,-2.4222728429145044,1.2088681170490208,2.8047107197604695,0.9615013088694253,0.31662201203104723,-0.8548869011542243,0.23170197945378634,-0.23993767050031028,0.46236539631117957,-0.3922446237447092,0.44598620586119875,-0.02305181203967538,-0.48551460802150187
2018-11-08 11:49:39.830000,1.8283135302651932,-1.6696289428863156,-2.2017915398637573,0.8909954623484382,2.7218483943471314,1.1432050050046787,0.7799909958218163,-0.9381769791599363,0.23780520533238547,-0.47125806444625185,0.45147856242082796,-0.02209084099084946,0.6049261406434281,0.03571655632200879,-0.30049917498440054
2018-11-08 11:49:39.897000,1.4387863235123457,-1.3081160413625805,-2.016029687850456,1.1663748239576563,2.2072510088501787,0.7256944578624371,1.3406069727641459,-1.170852050829766,0.3721751552633671,-0.6598946200673051,0.353282228907169,0.30503544376776337,0.8945423749589375,0.2049209895168961,-0.4847694871611022
2018-11-08 11:49:39.965000,1.1325866602710537,-0.7997690402540408,-2.0528647798704784,1.0296461849187428,2.4496816541860156,0.9328717342547393,1.4883662104975648,-0.9156623739897035,0.21021666669367012,-0.32300953372366764,0.31953644077429666,0.483399250268782,1.0478536172900177,0.17884688461116685,-0.20144146293303994
2018-11-08 11:49:40.032000,0.3608185032693729,-0.4903459360383479,-2.2474516741977317,1.0665155321467106,2.1417248633566754,1.00672866214409,1.4357899957302447,-0.8360627422473633,0.4508272711972763,-0.13671941243370178,0.5696595961327774,0.4563948567783851,1.003639163900747,-0.08722762810013832,-0.18702485947485475
2018-11-08 11:49:40.099000,-0.3920301841505558,-0.22745805391028842,-2.249533922175669,0.7684434014422914,1.815357362585754,0.6800919296167234,0.9741453600151514,-0.9485924205789232,0.48529199506193454,-0.43093804930508983,1.128432824470115,0.3371807303341467,1.0469460331492328,-0.21966181443099506,-0.12464052046011455
2018-11-08 11:49:40.166000,-0.6967091215166246,0.4607914914378218,-2.060797991946035,0.3802980823833527,1.8606360705342948,0.8250334040493479,0.3005202188861815,-0.9801011164932726,0.24046661686450344,-0.3359289745946168,1.018634810572624,-0.18996652023990657,0.7781740431367508,-0.24457532255490613,-0.14990800236158486
2018-11-08 11:49:40.234000,-1.2499268918929105,0.21249023993804067,-1.6660726042776657,0.3680588277822622,1.3597367143727732,0.3874047933567519,-0.15842570544356027,-0.6450785815916856,-0.054662814078356464,-0.011908972772048332,0.728013624568851,0.27904405335028537,0.6473094816583241,0.03873010732135948,-0.05586857490680788
2018-11-08 11:49:40.301000,-1.424332501784556,0.298857091992021,-1.6712668580012544,0.6889014415462387,1.150889137527715,0.3970478158833253,-0.2857446992690064,-0.5427510215911727,-0.07933169609667812,0.06851428680619709,0.5831839139660855,0.5435173204153336,0.5675490963837055,0.3052968760287408,0.03915967095201821
2018-11-08 11:49:40.368000,-1.841797717795356,-0.23340567588772318,-1.41076075832683,0.3618893712973492,1.0472751651718504,0.39895020380068635,-0.3933994856760077,-0.6805398579873798,-0.27373330563515563,-0.12554885659630383,0.5012790355840077,0.17816173777603633,0.6068430639378309,0.639766538658752,0.23839577574323095
2018-11-08 11:49:40.434000,-1.6084102142089303,0.13338263317000537,-1.65124676034057,0.5750494139914518,1.0704861416861666,0.3325619149484946,-0.42574139235994457,-0.4899358221475337,-0.18936597244557665,0.00860318962565014,0.15139197485804765,0.3270531639566211,0.2544017944165778,0.32926036854554774,0.23812539839630087
2018-11-08 11:49:40.502000,-1.8576949050667193,-0.17010964653857719,-1.3235524114066846,0.40525654198741945,0.9135596530680983,0.38520528654958286,-0.46042414238261875,-0.4913402327161056,-0.305587190693675,-0.13536045918929324,0.10038728676436698,0.1290944344039799,0.27982037395245585,0.522940640781799,0.27414694924089805
2018-11-08 11:49:40.569000,-1.8175880828901145,-0.15653279392759256,-1.487204004196366,0.44637282209305795,1.0296268688874255,0.4624940942160258,-0.5180847756012612,-0.3621140664655605,-0.31535222106700267,-0.07022947730143958,-0.009157864966799295,0.061135229436769745,0.21304805105739494,0.4595129580682803,0.3546707818843797
2018-11-08 11:49:40.636000,-1.6837341845365335,-0.07303989797743993,-1.80277180163136,0.5716985737398054,1.3113467989226502,0.5248635585566871,-0.56517266369969,-0.5377821822448071,-0.3073685741748265,-0.0984049618632421,0.30260353797894046,-0.17980635393834726,0.4310931221967633,0.5230718146021148,0.35065211088865555
2018-11-08 11:49:40.703000,-1.7629405490505983,-0.16374794861754316,-1.630998767628133,0.5078491436973225,1.1668746745053864,0.46651396451633453,-0.475213376084887,-0.5640206467001027,-0.258861200065118,-0.12131140226209747,0.40671605429322694,0.006999823168346145,0.5295071742761079,0.5484848376339806,0.3189297073525938
2018-11-08 11:49:40.771000,-1.7006395065036348,-0.05271096726407365,-1.709846591169868,0.5861732937205701,1.2561241214150167,0.43600444082648354,-0.5823933011593811,-0.6308064854438249,-0.27539694577497065,-0.14991374331269103,0.34445217243936943,-0.3030731356641467,0.4270138834134599,0.5886672239460109,0.4373890174096062
2018-11-08 11:49:40.838000,-1.801668518684663,-0.1926621403385403,-1.5456941062391312,0.39170381443987734,1.1584230155178399,0.4606112769047668,-0.46071482221615423,-0.6307778193088835,-0.2886508543146352,-0.10199544244545344,0.39588475631788367,0.05935884435037443,0.5303909205121756,0.6214047076530865,0.31483298276146693
2018-11-08 11:49:40.905000,-1.7934870200892221,-0.19238205281656345,-1.5673053651029554,0.4813173289831698,1.1469503033290442,0.44987034519528174,-0.4676931264639207,-0.6042005318297504,-0.3306234666067898,-0.10614501346428591,0.4157852542212172,0.11178757596647079,0.5916777018598322,0.5688318909821279,0.30314050757062627
2018-11-08 11:49:40.972000,-1.7185824065281676,-0.12319709315605021,-1.7027686325703066,0.5030852839421452,1.2592616060666488,0.47918852755493757,-0.5178070388445211,-0.6020682834298304,-0.2880412491645382,-0.11445552141055493,0.3642570874166493,-0.09834705584173792,0.5445391478479463,0.5856582201947139,0.3592566741318199
2018-11-08 11:49:41.039000,-1.7224675129460996,-0.12101995569340829,-1.7363543844652662,0.6206825182229002,1.224049544399504,0.4813435925201375,-0.5228055835443723,-0.5540950869545371,-0.3353381278632218,-0.15175066433618392,0.39302593420782195,-0.029597283818685177,0.6011535704999675,0.4911616928611545,0.2685855274568672
2018-11-08 11:49:41.107000,-1.7681881229094436,-0.16697370577971282,-1.588299356783312,0.4543589223067115,1.1588973166711831,0.4324497817497249,-0.45697073443974157,-0.6284017655194766,-0.2780168396922241,-0.11103500438962534,0.41450231627766054,0.022366968429659198,0.5842587569417843,0.6030466660100258,0.37928555156443094
2018-11-08 11:49:41.177000,-1.7275854731244282,-0.1269724442023919,-1.6966436310574837,0.5327589419961436,1.2378460271160503,0.48595587500876875,-0.5091677671161194,-0.6013942307631835,-0.32236787595821326,-0.11987230774996799,0.35871960888950644,0.013430033071633284,0.5359150951516235,0.56032056304422,0.2832249027330779
2018-11-08 11:49:41.242000,-1.7223494322501862,-0.08226649872749248,-1.6929715221745618,0.6230497468065608,1.1961687663166776,0.4444051892783852,-0.5329754461077366,-0.5559194731701738,-0.3144117461405004,-0.1712618271387763,0.3166808982810475,-0.08331933817461343,0.5429212367772741,0.4885374759942469,0.28701015516495765
2018-11-08 11:49:41.308000,-1.7637850945414641,-0.1640486381917553,-1.6105719613753453,0.47517512279169616,1.1941627539002773,0.4528779582669681,-0.4597081012977181,-0.6577888732766769,-0.3204757557537573,-0.1322591493323899,0.43503180351701864,0.037680096700550725,0.6114500800316612,0.6146976298233291,0.2849201338296196
2018-11-08 11:49:41.377000,-1.7285423846972414,-0.12250539990425663,-1.7449215551638255,0.6038439768107505,1.2288449286873484,0.49452325779879586,-0.5240781172115963,-0.4960937141041262,-0.35610051642329477,-0.12582155465269854,0.3226753104550047,-0.058052876070105786,0.5523967978939762,0.4767276179287372,0.3087413897406896
2018-11-08 11:49:41.443000,-1.7803480514917962,-0.17913787026913658,-1.5819780169998017,0.49875147794311536,1.1508020263735839,0.43472018347280256,-0.4664548008832724,-0.6105911188501066,-0.3101993382517063,-0.16851901409114053,0.4429544777511564,0.0051391683023904455,0.6285138999720029,0.5459838203854782,0.33738353197856197
2018-11-08 11:49:41.510000,-1.7882777798404919,-0.18483189225305058,-1.5689278320512432,0.41440476133280524,1.1671667148882148,0.4548538470694288,-0.453328014177948,-0.6182828318453789,-0.2908300533030635,-0.08945328202288474,0.4017062792564519,-0.026205900595613757,0.5383031792708098,0.5779467663617684,0.39383775974399765
2018-11-08 11:49:41.578000,-1.7583121249107807,-0.16062312949242435,-1.6298158955611959,0.47314414954171546,1.2099837877879267,0.45295968661690195,-0.4858166186564231,-0.5908102043257972,-0.30116575897321646,-0.11053122841316275,0.3962261329729805,-0.028532550645202145,0.5409778397937219,0.5841082090584114,0.42180726350750863
2018-11-08 11:49:41.645000,-1.7814712427891166,-0.191488243601662,-1.5603537248217738,0.4462366582086502,1.1683608889803,0.4315970772185481,-0.44471740112514835,-0.66808450591549,-0.3032620458398726,-0.1227478466986652,0.48650789175018105,0.04526348068464728,0.6153694452784613,0.6260477473605623,0.375074640945224
2018-11-08 11:49:41.711000,-1.7739106580164292,-0.19191296595513135,-1.6054732568345509,0.43253937409322474,1.2181986070261621,0.46103525709245685,-0.46034204566051073,-0.6763268357645933,-0.3126286691465968,-0.10967520760387674,0.4718477588084754,0.07565311904613217,0.6109998445556951,0.6505005809941147,0.3377898794754553
2018-11-08 11:49:41.780000,-1.3019373234318814,0.3508070575752685,-1.910441752547003,0.6940855800874292,1.4159142140681769,0.3829203055902656,-0.458833561291602,-0.6243588325540421,-0.27402678608105624,-0.18281602423373694,0.7501001981271579,0.31131940425901916,0.6561644320143193,0.20831729972817217,0.28962677148344046
2018-11-08 11:49:41.846000,-1.3289714047381969,0.1485436335620725,-1.8192482094711744,0.5068973579750762,1.1595164695491307,0.32516167002072227,-0.3611124912117223,-0.6792978483403082,-0.11124550878446739,-0.20961899339657303,0.5884890027762079,0.21015596024650962,0.7732074759377546,0.14895618213428805,0.33023940243502165
2018-11-08 11:49:41.913000,-1.1403544151860616,0.14350111562860018,-1.8721181443820925,0.39313415039789823,1.2313775801774622,0.3249248642430959,-0.12821965966055882,-0.6885075170757453,-0.21011100796982027,-0.2735144273201875,0.7215003959022083,0.40155652656413404,0.6609172714105421,0.2227711872921652,0.3624879838848006
2018-11-08 11:49:41.981000,-1.0190598025236308,0.0815227321608632,-1.8119897172447494,0.7170671732433237,1.3463560537598283,0.4922745964167182,0.3111856117767562,-0.8141497523195034,-0.0419986911031672,-0.308724032420261,0.6991885915923307,0.488912034915669,0.7303782306911898,-0.02432975404588919,0.22476345975707096
2018-11-08 11:49:42.048000,-0.8074579383217086,-0.0215144604314087,-1.9131673612832134,0.8970321381135173,1.308128713751648,0.615011483643868,0.4401569278466768,-0.8376339611727261,-0.09136214552826274,-0.1808955030174894,0.709559626213434,0.6157888169660347,0.7016114433190876,-0.11932260800348418,0.40529132299420206
2018-11-08 11:49:42.115000,-0.36785508747384954,-0.1249952084519717,-1.7863821684142722,0.8365783041208931,1.5413096778641184,0.7246380393750926,0.9478384805300427,-0.8263171205011332,-0.10672610045247352,-0.210987563171572,0.5666949942719671,0.5999993345304643,0.49835672957701727,-0.0907141012395086,0.6659181839842532
2018-11-08 11:49:42.183000,-0.21005550984871135,-0.6321125567320209,-1.7752256096099794,1.0459727134175167,1.636634113854275,0.5620740364973146,1.1744926986156217,-0.9535555470787297,-0.03205955977601799,-0.10473698510631607,0.5845854647336034,0.740808089951451,0.6657416869916727,0.19952114885224112,0.4235580881199527
2018-11-08 11:49:42.250000,0.11848416493585656,-0.8854776571033401,-1.8722138961984698,0.822060285654865,1.6638986785047647,0.39611285598975077,1.3308865497680427,-1.1515345379681485,-0.0807670599281039,-0.34795810919219194,0.41955009890145334,0.6378133078859625,0.5667607870234894,0.38877934523044655,0.48331698810942836
2018-11-08 11:49:42.318000,0.2047464333274247,-0.9198638102091785,-1.474991640140725,0.9696094378381996,1.648322610015613,0.5064746492183365,1.2887827395995948,-1.3005680889007711,-0.09568585240623076,-0.32201477704230164,0.4778350073347357,0.7479546296894949,0.6413448609057266,0.36436283441648065,0.480168534494861
2018-11-08 11:49:42.385000,0.5010196108981537,-1.2353604752123424,-1.730650859565655,0.5087688390126622,1.5344898455991347,0.3803824419332948,1.151294690234188,-1.3002748638685617,0.02652202550895555,-0.4722396369758828,0.4093778049321596,0.4252617839934942,0.7528588975889633,0.39167431378582873,0.3794818562779279
2018-11-08 11:49:42.452000,0.6843563359202003,-1.4556167496023626,-1.4730331886069326,0.879337179030685,1.5891183740904702,0.39301384456665034,1.174539603443629,-1.4045913298904749,-0.1995341382649923,-0.5297220549433718,0.6254860973926994,0.6572409046222714,0.523510386744423,0.4879031134419034,0.5200875745524748
2018-11-08 11:49:42.519000,1.0278078047887589,-1.7345362775833897,-1.6568897244657177,0.7500431900706902,1.8760538675849494,0.6970045420625958,0.8515535013441486,-1.2891468313055408,-0.3840199660563952,-0.38294788472474445,0.48867316409094685,0.42342054643294524,0.48907339895918556,0.43864847505372917,0.3693282161570272
2018-11-08 11:49:42.586000,1.2212430333644861,-2.088732493120165,-1.5839602143924125,0.9236646580343626,1.615853397396599,0.3731528527175268,0.7724706804589043,-1.4016262751189343,-0.3886180032089175,-0.3379087033172263,0.5796564163359164,0.27948575585971297,0.7485259937055995,0.33616112859778335,-0.12087794149560203
2018-11-08 11:49:42.654000,1.4711556892780657,-2.347328635875422,-1.6013219062326156,0.6523051375273924,1.5171871342897285,0.30059214142742163,0.32567445209756396,-1.234330927525556,-0.40471290215240424,-0.02529155119138632,0.517130906440328,0.5518959778332712,0.6380405423051102,0.3041276302283529,0.19549114214968727
2018-11-08 11:49:42.721000,1.7003102233516003,-2.250558354721733,-1.7604430600264862,0.8569744613734778,1.412784590183851,0.29990583373021423,0.2507188243505559,-1.1595798168692826,-0.5626104756222167,0.0948000996000718,0.5335068894579521,0.6141543711882073,0.3038300130219283,0.3712218615385575,0.07319151206157666
2018-11-08 11:49:42.787000,1.771847244731057,-2.5244344420586753,-1.7595517745170253,0.8752198440954078,1.8361456150355049,0.21021248310775362,-0.029576155353250644,-1.3428360435998752,-0.15089270649820818,-0.3740292290613613,0.6105618055503031,0.16974607124863128,0.07149738100732239,0.1226862582046668,-0.17819447023862722
2018-11-08 11:49:42.855000,1.847888910627316,-2.6593640512889736,-1.3730290252646502,0.5459973625607808,1.8033631426342485,0.2534820949400313,-0.22295487117750984,-1.3006493313291603,0.08544570850531874,-0.5578642836757457,0.3800068391614243,-0.2113788649829943,0.16161519701771138,-0.308399313193103,-0.6455907241476531
2018-11-08 11:49:42.921000,2.174759683948687,-2.324188867690055,-1.9113133326874523,0.817304261802116,1.65139035005716,0.029272772952789704,-0.4411727008623353,-1.1873395972700764,0.02234722900302452,-0.21161630731331102,0.20618263951210658,-0.411826051409675,-0.14426345110825856,0.03008361356078823,-0.7290505033562077
2018-11-08 11:49:42.990000,2.033005888754893,-2.5446169673809376,-1.5266465338278672,0.7312028775204017,1.718998913951273,0.04839713306604517,-0.4482073068677642,-1.3447679350046169,0.09309481704005257,-0.45070333448745536,0.4783771618213837,-0.36173502443690625,-0.215588655407026,-0.0644015172629551,-0.6610963579315671
2018-11-08 11:49:43.057000,2.274539058356072,-2.3473089305547385,-1.7745890040178642,0.5026668861825456,1.9692870093566888,0.41857458133466124,-0.5902990811109551,-1.2537952249532618,-0.016217028338263717,-0.3269359286462793,0.4125208597572879,-0.9168134221760468,-0.2326906560651118,-0.3526393825998744,-0.8383079088722526
2018-11-08 11:49:43.124000,2.2120366478565083,-2.7230433256713367,-1.4691039935504087,0.5752704600680645,1.7161768312243768,-0.0033369620962451566,-0.7633548264256313,-1.1540324511149043,-0.09807908237451726,-0.37815444310374713,0.6890886899478912,-0.4311815790155966,-0.28795036076212993,-0.22668352074062179,-0.3652707024457929
2018-11-08 11:49:43.190000,2.099881211297606,-2.644182164992041,-1.4767495474376116,0.6281764787961159,1.454453185519648,-0.05399095156007753,-0.5957457175561478,-1.1020730633878928,0.026294984477786665,-0.3542178759788492,0.6951070461518416,-0.1626145834889589,-0.22225997401402886,-0.24030113296942954,-0.7026070457701113
2018-11-08 11:49:43.258000,2.3327665086430533,-2.433928278100652,-1.3811238893596745,0.23614261009453172,1.6556429479463173,0.2560751930719975,-0.6106785631882972,-1.0817713835313587,-0.08508197714319081,-0.36107563397766784,0.4897486400394403,-0.6055986232991181,-0.04853695070324049,-0.5630240961238396,-0.9478415822448205
2018-11-08 11:49:43.325000,2.440754558755886,-2.3132274285181302,-2.075081260584211,0.5294885450573287,2.119756944039249,0.22400361064214233,-0.8190137963856937,-1.2595254168493655,0.16286521017094702,-0.44875359786520935,0.5794787254841695,-1.1497312638393793,0.033553814591107345,-0.45052746532767907,-0.9154017091112867
2018-11-08 11:49:43.392000,2.46280298294736,-2.3978550186616334,-1.684581247969256,0.28320567232730676,1.9304489140253653,-0.0076476470534696875,-0.7989546616253995,-1.1503726191921475,-0.0979553480698974,-0.042510063672602044,0.6302203662631004,-0.7556375829917238,0.24374443100801585,-0.23220329874523712,-0.626786085348695
2018-11-08 11:49:43.459000,2.4285560329352496,-2.3749737942738878,-1.8577842228648385,0.8077644912874767,1.5605638937100732,-0.19267008506736075,-0.7019948335840018,-1.0625637158036656,0.03880899337124605,-0.10451976900207927,0.8223768999888161,-0.2744386036479885,-0.06543042087403639,-0.09014541358828346,-0.7791897635937806
2018-11-08 11:49:43.527000,2.628785299504057,-2.492865841861648,-1.7982955964157903,0.3825729121986433,2.313874974858788,-0.08736113457782826,-0.7964439644458092,-0.9724346975928118,0.3604509671329028,-0.03215557239188041,0.7513126836477279,-0.8499788912993503,0.12218607357418171,-0.3990553691661455,-0.979052563393584
2018-11-08 11:49:43.593000,2.598013975986458,-2.31158804142289,-1.8517915878403919,0.8322385108800221,2.0092442241600788,-0.20729668943615479,-0.6877970713849871,-0.8672109566116584,0.17915976430846658,0.04927577245242887,0.8420004605452831,-0.7941468004623947,-0.07672901103909269,-0.13299621137517234,-0.8920009903148405
2018-11-08 11:49:43.662000,2.5124493747368026,-2.529250784126947,-1.5058885074628432,0.7781389112932875,1.9161079578801097,-0.35153414575200154,-0.6857518708594663,-0.8968049638446668,0.16748922588894727,0.10753245246675297,0.9961857085550141,-0.633867707532575,0.04880042206369806,-0.09684239255498686,-0.5466352794723343
2018-11-08 11:49:43.728000,2.5940417322873266,-2.49360815865131,-1.5806261575789362,0.6361161367173822,2.122475152291723,-0.07630142902699336,-0.7253007922418111,-0.8636121416710122,0.13508814390185137,-0.16903290360972228,0.944719433916122,-0.902149245152126,0.09276174142994714,-0.4120899566463132,-0.7395304542803225
2018-11-08 11:49:43.795000,2.7604952286830713,-2.301033866376816,-1.55558157486567,0.5569094992932542,2.2640400800756497,0.026094355514607113,-0.75488382121021,-0.8407998532794135,0.3183231938173513,-0.09938148372590153,0.8325261394906269,-1.0220695133832898,-0.0905189219493463,-0.31135650784109026,-0.8802506146465053
2018-11-08 11:49:43.862000,2.6209471341685973,-2.28916579412338,-1.8787921434213068,0.913973895056214,1.9956403886442096,-0.1997049687123638,-0.5504350247176983,-0.8435453234507265,0.20412878636287057,0.03114376199197344,0.9333102869164829,-0.8218991445938505,-0.1557306373443671,-0.27016653431138904,-0.807875953720159
2018-11-08 11:49:43.930000,2.65683845181918,-2.3626408902380343,-1.7247743506570272,0.8687040956715322,2.0306162670883237,-0.188897667063349,-0.6758406711274223,-0.8026974487200585,0.22144337797508956,-0.010425741072925654,0.8505374182985495,-1.0797360688000222,0.0764333696507572,-0.19251101902600073,-0.678887535538387
2018-11-08 11:49:43.997000,2.7564915120681563,-2.234839841663736,-1.8273368380610717,0.9077237118442627,1.9447054958063212,-0.21637756907281916,-0.6449713637898303,-0.6770015900221725,0.16663451535459295,0.08071882903563518,0.8723299686940826,-0.9940055777454885,-0.027875139580214148,-0.1815461871534926,-0.7372974564950188
2018-11-08 11:49:44.070000,2.764055489610989,-2.329191486581707,-1.8431371427496097,0.8932235738020016,2.207966935991828,-0.11397842937402439,-0.6716840349495637,-0.7151783699786286,0.17988348863216724,0.10083249028347663,0.8628279381795447,-1.0733782292727017,-0.1329280101947159,-0.31171173803038177,-0.4868830854096962
2018-11-08 11:49:44.131000,2.781123760555273,-2.4321883000698654,-1.6381715940147104,0.6895082257954228,2.157078666071148,-0.2521613823239158,-0.6401730226342947,-0.7629734440605417,0.2689962193060008,0.014067162767858937,0.9533967323852457,-1.0730330789062714,0.1731662832900312,-0.4114054505085376,-0.727482769395158
2018-11-08 11:49:44.200000,2.6333890216904505,-2.4703728592031657,-1.6346191691329477,0.901016373279282,2.1307054141440473,-0.20605783417270943,-0.5406275714399464,-0.7275370671622513,0.23861018491955732,0.11939489243557827,0.9993291537027558,-0.9812134368640689,0.052855395043701736,-0.337731987574838,-0.7730482927793783
2018-11-08 11:49:44.267000,2.863750539577371,-2.1414318267235974,-1.6422215644970766,0.8699310729996617,2.1624125105847254,-0.14845701568309547,-0.5369680113843194,-0.637176602910437,0.03325910126860496,0.18602005783298686,1.0446026864957252,-1.034824137889787,-0.12025248327651361,-0.39855089668088584,-0.4183356397499641
2018-11-08 11:49:44.333000,2.7400901499268198,-2.2516143017398993,-1.814667570765498,0.953379803029927,1.9327831232465216,-0.30031203411879986,-0.5956872339480229,-0.7432868682754894,0.09807725518806787,0.2260071398690906,0.9710992692551659,-0.8800796149609348,0.033175955070588015,-0.08065101531279487,-0.7266544434142426
2018-11-08 11:49:44.400000,2.862645408909322,-2.3212215569984713,-1.6703602304084544,0.42021070211481226,2.004055487360085,-0.3321235078403571,-0.6774453657047376,-0.7001297968967871,0.37700074698052055,0.0903733664476909,0.8257537304874176,-1.0813729488007806,0.24797581615012465,-0.3215093400211525,-0.6868610958878515
2018-11-08 11:49:44.468000,2.7803572315233955,-2.3408269391236334,-1.895825041248086,0.7908083613551931,2.0636575294747486,-0.20840433788828197,-0.6942978976152402,-0.7501842604956076,0.21841089863561436,0.27062796360711994,0.7520402423281285,-0.9867839304573794,0.054843263301185496,-0.19879786210653536,-0.6830321131479923
2018-11-08 11:49:44.535000,2.8747984605592114,-2.277511526414441,-1.7018527346649273,0.7166628386816258,2.1806896398166433,-0.0846174193001529,-0.4986039623836659,-0.7898201175463754,0.296155609615242,-0.04204875473159528,0.9257602678747894,-1.0142887862103436,0.12217491071595443,-0.3508353320247303,-0.9937532477475153
2018-11-08 11:49:44.602000,2.6893898863435357,-2.535365131054049,-1.8169310913503556,0.6421161467355452,2.032628688039776,-0.10375628120334626,-0.6650902659254485,-0.7602688463227133,0.32924502477738343,-0.17707914131202737,0.8823409076211375,-0.9106847457765391,0.04198132832780743,-0.3810827872108754,-0.9040955569277191
2018-11-08 11:49:44.669000,2.8351097652675508,-2.6918598181720155,-2.0390278889657876,0.6809255704596004,2.190525913170581,-0.18928880614170565,-0.5607836651711124,-0.6572095526152455,0.20149185145552972,-0.3326047245860221,1.073336355552353,-0.8715024427492665,-0.029289058433556225,-0.1964549185460461,-0.7977952198494146
2018-11-08 11:49:44.736000,2.526407080591884,-2.8093056032782404,-1.6924018365850804,0.8218193670767647,1.9225552001805752,-0.20124527755522417,-0.344591836280007,-0.7513125396258811,0.3135864882167244,-0.16410757193341452,1.252039607196509,-0.36688151331403296,0.1388441995813282,-0.06219046861210567,-0.9617068249818559
2018-11-08 11:49:44.804000,2.571127672132463,-2.7643136591282587,-1.6609110243876284,0.6024654784661405,2.236584165796423,-0.02548982090574984,-0.1892764942596279,-0.6263644028247677,0.33800846714256183,-0.043435584172373476,0.9870247984793686,-0.6056658688340887,0.5038815942221916,-0.23617157922621798,-1.1474617903294664
2018-11-08 11:49:44.872000,2.700285326114389,-2.524913301518994,-1.8507322016421042,0.5625950532594034,2.2884011900852634,0.1835528138914587,-0.028930596159206234,-0.5498701452430482,0.39108850887706126,-0.1403350963261839,0.7831216998366306,-0.7107137471144357,0.42632476924591656,-0.09833436303026877,-1.0320911722815802
2018-11-08 11:49:44.939000,2.468102823594193,-2.424616969686249,-2.0907347375835466,1.0045044601111786,2.393826892198949,0.1870183539739648,0.4285837514664883,-0.5614072302290068,0.23996913288847282,-0.2772487663462507,0.8730219772431471,-0.40253596257139723,0.4822507567655031,0.19352955324200577,-0.9020266064149642
2018-11-08 11:49:45.006000,2.104283359343725,-2.353549158796726,-1.8888726871791037,0.9633867704824826,2.5484738099639266,0.47065079758733847,0.6409851066872062,-0.5654488155163331,0.3313270878342274,-0.38483838174356033,0.6771329957872453,-0.24442796246972687,0.7166682825053033,0.17948051846035676,-0.6902233939307721
2018-11-08 11:49:45.074000,1.9943632837501655,-1.9866097306795685,-2.384952637786186,0.8823350504135861,2.394149762183298,0.6234306452634418,1.1011645251935356,-0.5722871619079964,0.422984054481499,-0.4129780829227254,0.39605277204232814,-0.19606704008873976,0.8842538181030436,0.5239644140402456,-0.6200756977420754
2018-11-08 11:49:45.141000,1.5646302024032117,-1.8266901190586202,-1.9570533689899146,0.8456162374156782,2.5531925593511,0.8536583582326392,1.5042407741254369,-0.727961519573287,0.1376089461751433,-0.6458341703827976,0.46810527218460707,-0.12540608897166422,0.9895684775769259,0.2846713510811416,-0.36197308245050663
2018-11-08 11:49:45.208000,1.3626711126832296,-1.3181587400103103,-2.6528554095349595,1.0095059093956424,2.137341300828044,0.7475307019123456,1.5930649240062809,-0.7129330473265829,0.17790966552793386,-0.7658304773980248,0.16850461606449516,-0.07160403558084832,0.7534941542078297,0.3526373863665072,-0.2181541309528518
2018-11-08 11:49:45.275000,0.9612909611240248,-1.3779949836056118,-2.295959441340664,0.5321950883820792,2.2302053280900207,0.8615361041108125,1.6923443279568846,-0.9036619482332275,0.2754028024079707,-0.7794254946247455,0.39481402579006464,0.13576367486180652,0.9186066022668659,-0.06870391526941891,0.07195713200159128
2018-11-08 11:49:45.343000,0.4801968569125581,-0.8693527263074867,-2.5110229161402096,0.7529535503554017,2.2032012773740335,0.9232438457110062,1.7139282983832964,-0.8853459989558538,0.33133098342795775,-0.7367571319727705,0.45071995503223705,-0.053993320819854584,0.858753640782422,-0.01476735906276408,0.21306061861558784
2018-11-08 11:49:45.410000,0.05931762974696175,-0.3536757768213935,-2.1623614031862304,0.4105850310574254,1.851116820936494,0.8733265630938498,1.2834250053935916,-0.8464416113168232,0.38304949734251215,-0.624485545026593,0.9834265998728714,0.20338256219516032,0.9757630220583912,-0.2667256777454472,0.06291889979315814
2018-11-08 11:49:45.477000,-0.5527818499933803,0.12774343569385743,-2.300026865281337,0.38467724562694694,1.8092153419077501,0.7112750603149901,0.8230796129424558,-0.9276271997521436,0.2524759411724462,-0.42257922703977,1.3959984320584555,0.036557747105564586,0.9776962020456795,-0.14845790915834864,-0.09602885267104762
2018-11-08 11:49:45.543000,-0.821644992551031,0.34863451213562996,-2.0267997188387055,0.01721302677577516,1.2174616399275942,0.4644130387484356,0.17507962402109056,-0.9931057413746587,0.12168807577589058,-0.679079955930392,1.239163018633169,0.16438780087954263,0.6585588956433831,0.02447994356177477,-0.02299231523318844
2018-11-08 11:49:45.611000,-1.3873592446003988,0.18569652838187806,-1.8185817404015618,0.4684007606380076,1.233343662782325,0.3415836410687824,-0.23588514077307243,-0.786405053770887,-0.08513570498266099,-0.07789143941728745,0.7685058749318538,0.3392366219346888,0.6334351155056002,0.29427403208836356,0.22037171452616416
2018-11-08 11:49:45.680000,-1.4055875993959703,0.17360212676545334,-1.7026774080558895,0.30332332865427647,1.348181637783302,0.389261626169797,-0.3398246863266544,-0.8074794962800134,0.0036638934166537407,-0.1340484365506461,0.6613350186165221,0.32765975429250044,0.6675443307381776,0.328045253301708,0.1259799205783823
2018-11-08 11:49:45.746000,-1.7744117566971707,-0.1649837370197078,-1.5667964137148382,0.3691519732957784,1.1866083099262306,0.4807860216879827,-0.4844346311539658,-0.610393676845964,-0.2972491909860902,-0.08202197584655321,0.30768730617386497,0.04614183489959439,0.48001561716269714,0.6337254915320757,0.3081677284306516
2018-11-08 11:49:45.812000,-1.813339962908742,-0.19998300092948407,-1.4601512007414543,0.3811766860838446,1.0997776326995847,0.453428839371492,-0.45481241250352544,-0.6032277732733626,-0.3176643137146986,-0.10018364599851276,0.3461786893083936,0.12689696582675397,0.48450383498210703,0.602578511675485,0.3007688689765093
2018-11-08 11:49:45.885000,-1.8067732093536724,-0.19067774615660754,-1.495411108616377,0.4272006140224309,1.1299630157813616,0.4201591006814821,-0.4551251135199068,-0.6689357487238421,-0.30008524772828815,-0.15265868259581983,0.4288760036677991,0.06840701971354146,0.5870563395852808,0.6528491217222531,0.32490715584489543
2018-11-08 11:49:45.948000,-1.791460435706621,-0.184106803095186,-1.543802234683641,0.3937223207735263,1.1709965248045002,0.47292764064017506,-0.47175860656832636,-0.6047419854724851,-0.31511432833900177,-0.09612187255457297,0.34175512715752754,0.08133869713050344,0.4983551525852997,0.6126341343431949,0.33633356184595964
2018-11-08 11:49:46.015000,-1.7652198091038855,-0.16101025297670712,-1.556359976096954,0.40723493151723456,1.1807573358410939,0.4657761859046175,-0.4953229107706748,-0.615820822504503,-0.3032395764069017,-0.05544070106682962,0.3235022320140017,0.008379991513421808,0.44220173477627944,0.6199462907447435,0.4061094464424764
2018-11-08 11:49:46.081000,-1.7800344505780505,-0.187519011757925,-1.5590494685530494,0.4380595645646218,1.1880960197789827,0.45292254743210597,-0.459087258981124,-0.6784595461223527,-0.2999075262658036,-0.1121747306203987,0.48252352925605513,0.05989248670618223,0.6085329287797858,0.6127815393744687,0.3414924100670747
2018-11-08 11:49:46.148000,-1.706656270384227,-0.1288088401879483,-1.7473889144113535,0.4864195495500987,1.3444173477541108,0.4923582142248711,-0.5257059294614458,-0.6884244013122195,-0.2961050840210988,-0.12002180553332358,0.4681583014455545,-0.12648683016906545,0.5727498204130473,0.6401827505306095,0.44573938022108117
2018-11-08 11:49:46.216000,-1.7588002922026549,-0.17454034062953477,-1.611553120850251,0.48104358824022464,1.2189793066619448,0.43792882721798815,-0.476099026929356,-0.7047884765718674,-0.3081634888414759,-0.11689845259759891,0.5449435278354546,0.009534780786024308,0.6059437786614833,0.6370410245113957,0.4010756568140716
2018-11-08 11:49:46.284000,-1.7543035992335534,-0.1620613835107867,-1.6346044595587161,0.42053378121598795,1.259835414474482,0.4784737824472638,-0.4752198426879526,-0.6761900016158828,-0.2912616689551242,-0.14280625284955728,0.45437978959384584,-0.007753321790773607,0.6217930979571682,0.6473217625247291,0.30485246153245443
2018-11-08 11:49:46.351000,-1.4016386208928555,0.14784249768127983,-1.664195754007394,0.4014064828857099,1.2606552359593632,0.2807303677189839,-0.39310783139909217,-0.8457382711788707,-0.00020112980697442606,-0.1332663642162938,0.6245539698080125,0.2833890883858583,0.8534861186919455,0.3912561307803858,0.013607358959213653
2018-11-08 11:49:46.418000,-1.401240224933468,0.2035349469026731,-1.787807978517923,0.47712583087154725,1.384423070309838,0.3601122323837425,-0.4446523072469065,-0.8240187385594905,-0.024789329318299802,-0.10109624339959336,0.5151726929066963,0.22258409444098465,0.8382406845271982,0.40286456550242367,-0.10342740780214409
2018-11-08 11:49:46.485000,-1.372724899256024,0.22406937865268,-1.8244111974805146,0.5361378630307905,1.3029954093769178,0.3541332042332475,-0.5009093941603655,-0.8066608925763666,-0.08128182915515295,-0.005903334287812048,0.699754456361346,0.20626158289321805,0.6249957940009906,0.3936728934748407,0.27420975992638774
2018-11-08 11:49:46.552000,-1.4102287695343347,0.20645653995024832,-1.759200462991291,0.508138134325997,1.37440284230953,0.30456943040171397,-0.5143975185139135,-0.8776640576449029,-0.10529622488091878,-0.03966181424895512,0.8158507504368642,0.204464993875924,0.6164983276882693,0.40248210033299936,0.383258383579678
2018-11-08 11:49:46.619000,-1.3775932046824058,0.2209492950135062,-1.8215475639123215,0.43647913303194374,1.4421840308918648,0.2858115955129971,-0.46944130804218664,-0.8332119307544098,-0.06932695461222294,-0.06283519721799685,0.6953906970517743,0.11602604751046447,0.45158970738383,0.40255154573834584,0.36944853902798286
2018-11-08 11:49:46.687000,-1.427206366861586,0.28502157416366863,-1.9582961044925795,0.7142918093669518,1.4399531407520412,0.3514715630623041,-0.41834615458909463,-0.832031413883473,-0.13327985357616576,-0.02702477309808305,0.7741625106165901,0.29467966741119067,0.7097435956029563,0.47460314133819914,0.1185251597213103
2018-11-08 11:49:46.753000,-1.4360010696392655,0.17774180134341194,-1.8307936780695666,0.424898924933543,1.474143405685651,0.346334670097494,-0.46782256238899966,-0.8732810723661679,-0.0721276412352006,0.013900873207829442,0.7311624427550649,0.17171260744996128,0.7092620869589493,0.4069187832732337,0.24227275316270386
2018-11-08 11:49:46.821000,-1.4324269992354801,0.18270385544565054,-1.911953116124128,0.5341353462747894,1.527914218018584,0.41047158351674873,-0.5013189872003748,-0.8309546882225698,-0.0661789763654215,-0.054892476711098565,0.7516797825824417,0.026233812453605454,0.5708233477658314,0.36840592401896377,0.3012216364673096
2018-11-08 11:49:46.889000,-1.3006022380253623,0.2687821517879834,-1.9562899989643268,0.3669159474652127,1.6841816656044497,0.45434121185658005,-0.4881276323602425,-0.8695164178762054,0.028277706877133324,-0.07185094709242376,0.7991992107518424,-0.2487537690977451,0.5070195969223487,0.26235814262800583,0.2132219006433052
2018-11-08 11:49:46.956000,-1.6522892208013698,-0.09410834026393605,-1.860934641413878,0.5483609101496258,1.4654336123204168,0.5341000807095185,-0.5787092826087987,-0.7096804615357912,-0.29776355667243404,-0.06914621303906672,0.5759798768145029,-0.3560085762532869,0.4910867431735426,0.6286144995018444,0.5267665898332671
2018-11-08 11:49:47.023000,-1.7386812152576487,-0.17197088054822085,-1.6976194392288944,0.5114262651243837,1.2962765624812005,0.4578806712796095,-0.4865163074618961,-0.7544652639347105,-0.3142554540212718,-0.12741716668532557,0.6117312425107281,-0.02423474838711405,0.7044781166094937,0.6618932541321384,0.3932262139329172
2018-11-08 11:49:47.090000,-1.7371028650208944,-0.17151484829707292,-1.7037468252609087,0.479575090340171,1.3013895512079579,0.46309290189122376,-0.46341215118184664,-0.7531637168912633,-0.30938185400801327,-0.14169040407572614,0.5770477932308612,0.029357020314624685,0.7506563490820044,0.6689379400763068,0.3411057964666509
2018-11-08 11:49:47.157000,-1.6903877323833814,-0.13470441413256368,-1.7969472480152215,0.5068853156991102,1.3766920981743307,0.499823228086064,-0.5147077773993471,-0.7113318417997181,-0.3224282923992515,-0.08573519917798425,0.5233177965691315,-0.041248869388329334,0.6794398252046145,0.6645791917192949,0.41246330269947784
2018-11-08 11:49:47.225000,-1.735791692917774,-0.1732868726480104,-1.7153139943291735,0.4825366654612546,1.313723784623934,0.4775944698122088,-0.4711820396305946,-0.7407627237722219,-0.3033993916750063,-0.1048215795426255,0.5795886224540385,0.021925129820510716,0.694049208724642,0.6654914848431767,0.351292223647927
2018-11-08 11:49:47.292000,-1.7335880242823012,-0.1757008857938227,-1.714700165997452,0.48818328933841637,1.3142078147022156,0.48460662324732884,-0.4712896612593852,-0.7398193835478438,-0.3128449299081522,-0.07385296134517229,0.6008563987094393,0.012673571704708494,0.677109464743626,0.6576973513058764,0.3661512136589154
2018-11-08 11:49:47.359000,-1.4407455620526997,0.19410560501975188,-1.8563330483817266,0.6237389494390073,1.3678329405353746,0.332762003943185,-0.31906703976843803,-0.9239268189179849,-0.11504054668462682,-0.10874507352256582,0.857358695658897,0.41350770622536287,0.6635073019810362,0.4823198829291251,0.23376951348435787
2018-11-08 11:49:47.426000,-1.1825755432833842,0.21582777671199965,-1.8032258552428995,0.43048247708092213,1.2739433230985187,0.4758959047896193,0.1481215466075474,-0.9436034264349776,-0.2949777175617806,-0.18239484290056146,1.0946116216961455,0.43927559482411527,0.5957610193643439,0.2617611205334496,0.33878177475041255
2018-11-08 11:49:47.493000,-0.9384262530543435,-0.0520296636838713,-1.9375528714471217,0.4016638309878863,1.388703200197954,0.4940607219290706,0.4198025529472159,-0.958916652102003,0.021921080605518867,-0.09142483036376729,0.9903593394915573,0.5610066322059823,0.601175138940628,0.20080211539204887,0.5678466488308918
2018-11-08 11:49:47.560000,-0.3139609223800832,-0.17405385884131974,-2.1575134065895014,0.490917076174331,1.2580138878474008,0.5628247386772104,0.9596350055577172,-1.0937341900417208,-0.05758718480170755,-0.02847811691245679,0.5462378160479299,0.6993502247557146,0.5916131618333146,0.15797597858727994,0.4221043718123245
2018-11-08 11:49:47.627000,-0.198777286782009,-0.6250215062402245,-1.8194335869709284,0.840309660848009,1.5648867240634747,0.47222215229610004,1.097627003635297,-1.0342136590674824,-0.14394259690062639,-0.10818240922124804,0.6143140205959592,0.9217584419619272,0.3721022728685773,0.30074122047439855,0.4896409872222457
2018-11-08 11:49:47.695000,0.12832121843722,-0.8243297477869377,-2.029133067522563,0.6938409322394412,1.702823077618635,0.4796051999134203,1.0814020537933522,-1.091151559874491,-0.0740301256580061,-0.22652961020469553,0.462305749100109,0.7721080916484145,0.7545312510277289,0.18595267958863246,0.35985121708988516
2018-11-08 11:49:47.762000,0.36519721311687636,-1.2707845047645023,-1.9973487042868334,0.8041674783694366,1.7512987457301388,0.6363508299413638,0.987204539658815,-1.169874248061588,-0.0998048895024688,-0.03962091301016503,0.41448205795154625,0.8847627655377157,0.6416389592903959,0.22006273096699144,0.4144304301729033
2018-11-08 11:49:47.830000,0.8420587714457555,-1.5081063442085967,-1.782002357680947,0.9055200265953709,1.680267935823778,0.7119220802603754,0.822767968059377,-1.0088490970899235,-0.5089605354407879,-0.16455633557944913,0.2584409923701634,0.8565143726385058,0.36816993819947613,0.16077945494403045,0.17529873161060733
2018-11-08 11:49:47.897000,1.1820202049203727,-1.8451339981900914,-1.7539259503319748,0.987514193369762,1.5662688474795903,0.6178111870236191,0.6208260656070476,-1.1950162560288813,-0.5613161889348585,-0.20536341456368104,0.25256933476647037,0.8063550511766665,0.5715477498373659,0.08947876953143016,-0.07634960999988068
2018-11-08 11:49:47.964000,1.5398290610510745,-2.0149327829993156,-1.800317558603826,0.7010807438282294,1.4113212921743825,0.48085579650412086,0.4853115674223799,-1.2595194468976003,-0.6263761181830463,0.11443855214059148,0.503504243850896,0.6252423747102042,0.580200910640453,0.2508117459171758,-0.10123402115562212
2018-11-08 11:49:48.031000,2.0200202140468653,-2.2333691933550357,-1.8319230801674695,0.7523470274197043,1.2743965825368158,0.47267780444623086,0.10840313794764689,-1.1335898604194208,-0.5862894109642227,0.08424350211671822,0.468712900052636,0.4769922665148723,0.30378525042392557,0.12220996059356068,0.10494539234278297
2018-11-08 11:49:48.098000,1.9630062783605835,-2.480322487485984,-1.568180081294153,1.2637981263972433,1.4842439069381392,0.42693476073931685,-0.0818828461659622,-0.9475784479013475,-0.3815558475758407,0.04814400807677116,0.5224135057957949,0.25315973750783755,-0.30090279235714007,-0.08859725847371161,-0.03862143235473302
2018-11-08 11:49:48.166000,2.2471865971279685,-2.352285481759966,-1.9230518948182158,1.458209917077588,1.5053154213325939,0.41186322855257934,-0.253636422856985,-0.9414452551450265,-0.40567917474514836,-0.1581229015374946,0.3743874642149383,0.08059507069356561,-0.2997598519792669,-0.442601091278514,-0.43936905491596195
2018-11-08 11:49:48.233000,2.390435985865567,-2.4357032504748237,-1.7570568960936785,1.1310250755104212,1.2758219915604256,0.17264382005235654,-0.4006027133160912,-0.9719371405687115,-0.41939386347407037,0.03695467944449729,0.5706699077713658,0.24510327851274652,-0.41523591709760893,-0.16234042434371368,-0.08128238917548587
2018-11-08 11:49:48.305000,2.3258024729710343,-2.753850707313834,-1.7056872092167157,1.0284890039725223,1.3042474974604281,0.044108241717733386,-0.45637746472151564,-0.9967932819821489,-0.43202992646839083,0.1322055755474161,0.6122444706398945,0.03392294135295537,-0.2857345072199454,-0.19921971860641755,-0.029175532535358692
2018-11-08 11:49:48.367000,2.580872434787011,-2.534639946745297,-1.7193611861806306,0.8032398662380484,1.1182934612762359,-0.10720050403473005,-0.4594325250283142,-0.8843728285327741,-0.5433279946540127,0.0748283327815445,0.4566834491094055,0.3011615091069751,-0.09824315307029075,-0.18800173435329395,-0.09732511601202314
2018-11-08 11:49:48.434000,2.544181701674293,-2.438469355736878,-1.4785511620710248,0.896894626959595,1.4154657669869115,-0.26950572715633764,-0.316510693627105,-1.0783588995117104,-0.3577118166394476,0.27849143385741415,0.5149923856217101,0.01613216469986667,0.2833118383225585,-0.2948436266692971,-0.44175855837979733
2018-11-08 11:49:48.501000,2.3196739603445753,-2.547026832436985,-1.3314262675237623,1.159213705839622,1.4153682359025326,-0.27151539012979836,-0.30808647243409965,-1.038848566749401,-0.42151320889970495,0.5305543075470907,0.7121823797008657,0.05279923927926289,0.15933211547828663,-0.1590989745941153,-0.15532366602574532
2018-11-08 11:49:48.569000,2.3196739603445753,-2.547026832436985,-1.3314262675237623,1.159213705839622,1.4153682359025326,-0.27151539012979836,-0.30808647243409965,-1.038848566749401,-0.42151320889970495,0.5305543075470907,0.7121823797008657,0.05279923927926289,0.15933211547828663,-0.1590989745941153,-0.15532366602574532
2018-11-08 11:49:48.636000,2.7389433122317186,-2.0691937161763585,-1.3010666456262228,0.9786699473752867,1.4326985521116713,-0.5373074757324457,-0.4023145825179797,-0.9042541294206738,-0.4360185621242242,0.8080299364228333,0.48691692340624415,0.23148353754185663,0.12070665387182228,-0.10668752525888595,-0.4932067555212399
2018-11-08 11:49:48.703000,2.702067752733008,-2.2264903141764387,-1.4320994782966514,0.9096252647860052,1.2374508629028387,-0.49079344880143977,-0.3682860652875728,-0.9561089248237479,-0.37584238097808076,0.8044486484857475,0.5394188198830339,0.1517869871308246,0.25748787092583353,-0.08499585889548691,-0.525785583936335
2018-11-08 11:49:48.769000,2.65456131301904,-2.2917082849081774,-1.2367436402422822,0.8254228261432051,1.462301967682708,-0.3851409668433962,-0.3802647589477936,-0.9844930843902583,-0.3450098631936121,0.8125470015050735,0.5855900593063196,-0.07290075079218339,0.3534728068738183,-0.20802204922181586,-0.6055600026174222
2018-11-08 11:49:48.838000,2.616965133239886,-2.201953539985046,-1.20966765308075,1.1828321694848631,1.4462783442676823,-0.30583754062066965,-0.29228972082165633,-0.9456704619709991,-0.538987520345497,0.8750545172505548,0.7036778361689894,-0.11419435942487077,0.17507360724510068,-0.19221480625777113,-0.5346304204341485
2018-11-08 11:49:48.905000,2.8139991602807575,-2.0971546653588593,-1.3432363044961735,0.7618973882324687,1.6565583220760542,-0.14168754295831834,-0.550102598070135,-1.0178942004589582,-0.26045034837058023,0.6353710563970182,0.7643708173867384,-0.47549005286097057,0.2538016111706136,-0.2659256530759275,-0.7117043272221408
2018-11-08 11:49:48.972000,2.887163816748685,-2.1658402727317942,-1.176009717559695,0.6103467725284586,1.9495534176090472,-0.14932775201194895,-0.3179409972302497,-1.083564819110508,-0.2245724654053669,0.5285360859329571,1.0716337667485258,-0.3540921954729782,0.3744858242572972,-0.6185189383732963,-0.7783267299706664
2018-11-08 11:49:49.039000,2.857095044846785,-2.057325680729337,-1.335429170970947,0.876439741917304,1.732993225879082,-0.25760772549699357,-0.3531898131208003,-1.1310603273611137,-0.28698729762463393,0.53964039835344,0.8430061242748152,-0.402302649426705,0.34779350525907543,-0.16812776256971715,-0.9385374525592539
2018-11-08 11:49:49.107000,2.8652821075624963,-2.0656238504901743,-1.3562476940621753,0.8646114137656951,1.7104252878493749,-0.2258208200069645,-0.25444247450162244,-0.9483609291971867,-0.2643118134631425,0.5164161986708693,1.0307621916198173,-0.26948865559493906,0.25755514312118327,-0.3617414702946472,-0.7708675654557977
2018-11-08 11:49:49.174000,3.006057918605176,-2.054552073270317,-1.6418062243301306,0.5465810412978398,1.5290722507425116,-0.40374964175265876,-0.45020146436192865,-0.9837961597614954,-0.34963798005924906,0.5703111523532743,0.9402270592730191,-0.12669125685764698,0.3290838599535572,-0.17979961025720334,-0.6416268592349641
2018-11-08 11:49:49.240000,2.970721576819395,-1.9986657254201832,-1.3903022586724814,0.8941556179766483,1.7631475542182975,-0.3020857204205147,-0.2687567403840811,-1.0304526035468833,-0.4261904147348237,0.6715397735185833,1.0133485268597655,-0.3086599482993254,0.24794575937273122,-0.32122873572761534,-0.8913555988960229
2018-11-08 11:49:49.307000,2.881894836456693,-2.150222372950174,-1.5445640418050475,0.7707848291689603,1.674204883103162,-0.3510993033536928,-0.33605109202672534,-1.0037254012508332,-0.14194817606086968,0.6365334601040556,0.7530305451673376,-0.24116260585591398,0.6053001528065644,-0.27245172302542453,-1.115682800675068
2018-11-08 11:49:49.374000,2.966179377708814,-2.2614739704412083,-1.497994106044348,0.506587675227705,1.5765444510392668,-0.40263626181699524,-0.5791828913388624,-0.971322821284142,-0.11318956592164299,0.5515208412621747,0.9441844816851608,-0.379298664491763,0.36607145233886507,-0.2888362208211499,-0.6856204394127963
2018-11-08 11:49:49.443000,2.967201918128234,-2.090860650186122,-1.1646515743595174,0.5834116895294635,2.007470011697542,-0.2970840668840787,-0.4453514991073134,-1.1905521606844989,0.016155902018957252,0.4208289145557773,0.8893277878823868,-0.5396656135829907,0.6735792657446729,-0.6035828220753642,-1.2468428807554346
2018-11-08 11:49:49.509000,3.135887660463661,-1.8367628946708237,-1.3958458489773726,0.5658292583690097,1.5818043170770448,-0.4955356974171508,-0.47302036923054314,-1.1199535109908798,-0.24968266514447612,0.5731078427304594,0.8312125039349838,-0.4698854791837903,0.3201097299354563,-0.3221650577532018,-0.9737675769972982
2018-11-08 11:49:49.577000,3.092543021505721,-1.912995905960511,-1.1960517019361931,0.5433225860908693,1.7629191389448962,-0.20363962860812493,-0.6521385597825502,-1.1000343489103044,-0.19935433687565018,0.5711385765561833,0.9395120667610788,-0.360725232989535,0.44706386561193734,-0.38241936066946924,-0.8182419610445302
2018-11-08 11:49:49.643000,3.0134516051106814,-1.9618723556393367,-1.3383121836649448,0.9870137334134919,1.6652955464226582,-0.49338661301151426,-0.48262736458253075,-1.0228256472633532,-0.1764404907539187,0.5018190332192689,0.877417582479231,-0.3496826906324094,0.24914340783920685,-0.2510391177051614,-0.7309770688192061
2018-11-08 11:49:49.711000,2.9393009915048722,-2.051268452792898,-1.3103644482221743,1.0580184202106377,1.7683845687595459,-0.3847469918357929,-0.49475989701858303,-1.046121341833454,-0.13051121614021582,0.5498117823138499,0.979662755116369,-0.38625025282425784,0.22705706878533338,-0.29248608556251543,-0.8950081143157376
2018-11-08 11:49:49.778000,3.151183244307231,-2.04044652779057,-1.352567475952784,0.6767667234285897,1.6825588233592992,-0.41673736987032145,-0.48966686030667894,-0.9521700597852879,-0.05984184412383972,0.43979996222261364,0.9555220323775355,-0.4299187412779285,0.2589618290976493,-0.3895843565007986,-0.6779360876957734
2018-11-08 11:49:49.846000,2.936935248806291,-2.0754148096362206,-1.3344125431762155,1.0838426911709063,1.7956476832064046,-0.45888330986042764,-0.46476452421872216,-1.0504647519925554,-0.2613503487788727,0.6567186522498774,0.7919227870911607,-0.4244157423769984,0.2870104998391808,-0.3072395809555313,-0.8780502841618475
2018-11-08 11:49:49.913000,3.0357817825577325,-2.073600372292146,-1.1828161153385244,0.9214864125952618,1.949758432414503,-0.2931403702624051,-0.33123746328926096,-1.0965467977229852,-0.0360976422826737,0.6251858696533463,0.8086029375289814,-0.5944245477082344,0.38337532643699085,-0.6464231262742423,-1.0240318693712849
2018-11-08 11:49:49.979000,2.9241863862102244,-2.1492199059353783,-1.3382423255026648,0.8981331800740784,1.7469375661667046,-0.5941533854414495,-0.44614817926930816,-1.0159230708799596,-0.14456126954573162,0.7922360640086431,0.7923929043928407,-0.4972908917017218,0.3162707391456051,-0.22949468983602908,-0.8825717199333062
2018-11-08 11:49:50.048000,3.1737047539563346,-2.0711555130710324,-1.3277651655496256,0.7266045175816169,1.8248926426160486,-0.4834154640220984,-0.4954199469172216,-1.0423498122822583,0.01738054882662257,0.5531611519428665,0.8397484468021713,-0.5258933737684948,0.38847329186704316,-0.3312101929629224,-0.901944875990385
2018-11-08 11:49:50.115000,3.120182319743132,-2.1379191761726455,-1.525711632342851,0.9593775402860965,1.8468370786707609,-0.42631603513339994,-0.47324120469900843,-0.8814492341542568,0.016751883351782015,0.672289836274805,0.8409983278098445,-0.35016615910034493,0.11548937403934578,-0.38202879609900564,-0.9947967764984476
2018-11-08 11:49:50.181000,3.0966744792257144,-2.3396787851139487,-1.5419273146621282,0.9625227629171555,1.992126924667709,-0.364299557247229,-0.5902552707422701,-0.9556306459622412,0.09620158904201376,0.6151689726189479,1.0072103764687743,-0.4156598986739748,-0.038196227484471046,-0.38111680876301113,-0.6551576541835754
2018-11-08 11:49:50.253000,2.862726862731959,-2.469886223048672,-1.648334479045953,1.3880320316231884,1.5784779821742247,-0.3846484757031446,-0.5615280711255668,-0.700062413525873,-0.2734828808898557,0.7516471518110541,0.5611456405192958,0.15865883633845873,-0.26983068587496284,-0.2759742167327063,-0.4709093391564127
2018-11-08 11:49:50.317000,3.0201423742422175,-2.6955360170806637,-1.5270987100147952,0.8858311074672947,1.972111985166793,-0.19665921508572906,-0.4189797137829895,-0.6332529605305425,-0.18053288479833896,0.36458466922163724,0.7656100790381556,0.37355015703744,-0.28311181133653496,-0.42488165585790505,-0.9536976018723107
2018-11-08 11:49:50.383000,2.7699087537571145,-2.704404539808368,-1.5480008166629726,1.0265611342116927,1.82165927050253,0.07507018090671266,-0.28789027283388335,-0.678553588317062,-0.23246011384008575,0.5413567814225998,0.6210329331162142,0.4711139992444207,-0.09492728363717573,-0.15867033418137563,-0.3961206871837097
2018-11-08 11:49:50.451000,2.6251503976582944,-2.6839634826972647,-2.0644815155138794,0.9662253477398361,1.7878015363599657,-0.0637141028509213,0.14185838340073487,-0.7337792284889803,-0.2924970930465047,0.40901122311343974,0.43520468079470687,0.5503787004807981,-0.025013174507266034,-0.005564622246157697,-0.11985440901428591
2018-11-08 11:49:50.519000,2.3055183500093284,-2.483083751877474,-1.7552683264249844,1.3100130026083812,2.114198316574057,0.34149843164811616,0.5622437129008384,-0.8200833975016796,-0.34054225544221794,0.10467661092170882,0.38407580632547195,0.4724192627757713,0.30948696780417534,-0.07332310942833817,-0.2558318142253783
2018-11-08 11:49:50.586000,2.4017662907124837,-1.9478269836270665,-1.9028472724092371,1.2295173109487223,1.7922462775441268,0.5209876115928662,0.9785193139780937,-0.6818014788878234,-0.5001897856503793,-0.37800691757091204,-0.06468982460682374,0.6099453227475187,0.4794078310800439,0.05120207821876757,-0.13534766837408863
2018-11-08 11:49:50.653000,1.616257300639309,-1.852252564728373,-1.8411600511699777,1.5970112231005378,1.770576559136209,0.7169410092660657,1.251251920789334,-0.7033252453529394,-0.4056243330323552,-0.1752291182010587,-0.09463757459368397,0.9279446306723946,0.6129532060656305,0.17819991126240234,0.2633150752956696
2018-11-08 11:49:50.720000,1.0618297783511386,-1.6858463702934379,-1.9607472518645144,1.7515423171519462,1.8840570667604237,0.7011409700817387,1.620920826283319,-0.8178789950374498,-0.28674776618379955,-0.2174820021963106,-0.11244293395275459,1.201281768153311,0.7496205927077253,0.19739671024397273,0.23681620098185807
2018-11-08 11:49:50.788000,0.8351557484220455,-1.056171216612892,-1.5719196076800537,1.3183869943730544,1.6454518443818107,1.1189327081833689,1.766403650108992,-0.8597101012911513,-0.43031598470644394,-0.15032387777259076,0.09304979965710655,0.8643178395384347,0.7669642272416886,0.06621065324040451,0.21253235190238784
2018-11-08 11:49:50.855000,0.12243779497615526,-0.879997183620767,-1.849660426864542,1.154010615712493,1.7133723273406205,0.8955834321675697,1.8674435571283614,-0.6519915909858495,-0.1961653406321977,0.0068488498001348375,0.47680410290858166,0.9780180907194191,0.7390423445125245,-0.06874550826337053,0.360911712812868
2018-11-08 11:49:50.922000,-0.8434065279364549,-0.22081753548676727,-2.0554225501369165,0.8255325462176235,1.3947013108988895,0.6752914470235724,0.9405536659857602,-0.603145351549822,-0.08169502754039132,0.23553148278830277,0.8106872237567092,0.7385592110381777,0.7171467432643416,-0.13214765555548572,0.10262855789088446
2018-11-08 11:49:50.988000,-0.9742935743066006,0.2863597559076477,-1.8990096540403254,0.6810824021959494,1.2069021386917096,0.7471535862627344,0.5485339202668252,-0.7274846563938747,-0.4236839597180697,0.16851340074179286,0.7064913354610936,0.7309537347512189,0.7373960366047563,0.06265717536936452,-0.2048501348632396
2018-11-08 11:49:51.056000,-0.9742935743066006,0.2863597559076477,-1.8990096540403254,0.6810824021959494,1.2069021386917096,0.7471535862627344,0.5485339202668252,-0.7274846563938747,-0.4236839597180697,0.16851340074179286,0.7064913354610936,0.7309537347512189,0.7373960366047563,0.06265717536936452,-0.2048501348632396
2018-11-08 11:49:51.123000,-1.2165826064418839,0.2550866921109957,-1.6966669675886448,0.25998260557568653,1.2326267665352753,0.4315514772535691,-0.5093063066824097,-0.6993591135641094,-0.14247983590806146,-0.003599329097678433,0.5165930488228347,0.7284447211916286,0.6532531573475899,0.3385988096523527,0.19477633390045884
2018-11-08 11:49:51.191000,-1.321655795044182,0.35824985598527875,-1.591557617352453,0.35420681718921954,1.5586249474140799,0.49014285383238726,-0.4359784549704294,-0.8136188192079196,0.03412073334112459,-0.18150640715710054,0.7330549193810215,0.4134827472273974,0.81852619580655,0.46060838021844963,-0.23528572592110525
2018-11-08 11:49:51.261000,-1.321655795044182,0.35824985598527875,-1.591557617352453,0.35420681718921954,1.5586249474140799,0.49014285383238726,-0.4359784549704294,-0.8136188192079196,0.03412073334112459,-0.18150640715710054,0.7330549193810215,0.4134827472273974,0.81852619580655,0.46060838021844963,-0.23528572592110525
2018-11-08 11:49:51.324000,-1.2849132656267934,0.31977169063892524,-1.5661077581962977,0.27461497317636974,1.5152184617506725,0.41618047823826215,-0.4523648781997879,-0.9394760287621339,0.3737888984932507,-0.524766832546951,0.579011108381618,-0.038494096013840864,0.9382932154694509,0.39900489046781695,-0.2655629178538243
2018-11-08 11:49:51.392000,-1.3432959770855961,0.3971321616766242,-1.5299581135909939,0.515169491846398,1.3121972786366547,0.3671942962508194,-0.49490400525466116,-0.8929948392029453,0.22725352887410538,-0.4430126260893538,0.6137389881892266,-0.02304351811062255,0.6869543262551386,0.6138157079173974,-0.09259707068304852
2018-11-08 11:49:51.460000,-1.4113833634584367,0.24314707748823833,-1.5972502189476623,0.27566457371938113,1.350512425953427,0.35849143240307274,-0.48737898464699003,-0.9769080813935149,0.257574001610125,-0.43365214693232423,0.5687068923447113,-0.09303415791172207,0.8875575488345665,0.5392995203648756,-0.177471687323067
2018-11-08 11:49:51.526000,-1.3632927186298591,0.22866722435023729,-1.670641236999745,0.36340653883168783,1.394222183367929,0.3226863037889431,-0.3989576142770837,-0.9782755342463552,0.283787065792934,-0.5864092423863712,0.6939547557535803,-0.07929089965494635,0.9718770586605702,0.5359927935216469,-0.20332017884864823
2018-11-08 11:49:51.594000,-1.4225974177160141,0.2501550721308617,-1.734248421069528,0.2962243322413902,1.4274695139999518,0.3499427758228218,-0.3895023376839012,-1.024119902069908,0.260114289501282,-0.49174065100267683,0.8019165716098149,-0.006916286472204797,0.8416548235263873,0.5640681388868234,-0.23112224397174203
2018-11-08 11:49:51.661000,-1.372030110031928,0.2922464922971531,-1.516015007413984,0.16472936296346533,1.5863216021072788,0.46559856682399864,-0.4656698433078189,-1.0011128165616492,0.26491457199946367,-0.4705328738823025,0.9512704259737803,-0.019651416316301684,0.9578605737147426,0.4915518575706348,-0.2654410616250478
2018-11-08 11:49:51.728000,-1.3391183568649634,0.3189032288930263,-1.546099673426811,0.2617962229058244,1.4445656325426237,0.45223974601767536,-0.5038056665460515,-0.8985885049426697,0.2497332549197881,-0.5184507461467802,0.9191140313017042,0.03435898444959051,0.8559061609135716,0.5225547427768947,-0.096852258785961
2018-11-08 11:49:51.795000,-1.2542856455913156,0.4723455211452145,-1.7990516148263318,0.32925448647793976,1.3038400568020798,0.2703070650458993,-0.40312204534415924,-0.9947683150881553,0.2682252906314322,-0.5100405351779969,0.8212180726339797,0.18218280433289896,0.9696012339187349,0.6046891192679824,-0.24621243645575958
2018-11-08 11:49:51.864000,-1.281774965379899,0.3349906062720394,-1.6397689858720572,0.22477177755320607,1.528475491490257,0.329249100772217,-0.45982002405828326,-1.0002960021443308,0.3372013058094522,-0.4340378949566889,0.8226615167573766,0.02656324688011341,1.0699810472092084,0.40275342685696247,-0.328453544313058
2018-11-08 11:49:51.929000,-1.2716290228606884,0.3329554366995107,-1.668012244269318,0.23757459080873491,1.4612220670405838,0.33615076117323767,-0.4953341026876441,-0.9500275073663494,0.2926433291098123,-0.4218578073206337,0.7986995274604587,0.15314541255775954,0.9718894530860583,0.4257899842341042,-0.20603207651683458
2018-11-08 11:49:51.996000,-1.303841511112225,0.40271476193639993,-1.7602683260335483,0.3001073631295458,1.4517888235729104,0.3312813226121379,-0.3784484058231673,-1.0309898878090091,0.3340092669823016,-0.44660487449781033,0.8855321585380624,0.1849815235280911,1.0727218218089338,0.5504554165055318,-0.32545135553712684
2018-11-08 11:49:52.065000,-1.7120718737272678,-0.1776203728906347,-1.6224257163883455,0.14840034720893366,1.4927566169518094,0.5619516956838788,-0.4869193044055484,-0.8357341844683432,0.01346064454796081,-0.5347851472544174,0.7727263420048256,-0.23102647700893197,0.8392356579619001,0.5976099407446553,-0.09468951962533799
2018-11-08 11:49:52.132000,-1.2667682596621603,0.290380318737589,-1.7047747490462681,0.20576787659169507,1.4166825349251584,0.34984326049940784,-0.4984918666668162,-0.8946659217704908,0.31482233778307434,-0.45821462261275814,0.9549323036094739,0.047438954825702595,0.9586861581734282,0.5098314179238052,-0.14522823253298428
2018-11-08 11:49:52.198000,-1.4078003616927157,0.21692213190481985,-1.5421218672641135,0.2991260024302119,1.601723135326048,0.4193505372165835,-0.46515910051245135,-0.9687622484318894,0.3251560978777953,-0.5087760762488802,0.9176928433236122,0.0028923037928552664,0.9724508213282818,0.4211093918609766,-0.34563064984893643
2018-11-08 11:49:52.266000,-1.3760024015130725,0.2992923318377921,-1.6058702557541,0.42989018564222414,1.4761958438518665,0.4073243752551963,-0.4620936658605148,-0.9292798034325492,0.31339731346586275,-0.5717143040102619,0.9269029933053861,0.08119444281183485,0.9111713872825714,0.48483916898050095,-0.23656343914815903
2018-11-08 11:49:52.332000,-1.7126695475791527,-0.18070405954229363,-1.6184482843125025,0.1474128708082346,1.495121583016019,0.5491608026984675,-0.4846728393046862,-0.8563494132469561,0.02749872851566451,-0.5563657342691626,0.8001420244485693,-0.2512610865976538,0.8670316293427613,0.6046031466438105,-0.0822524784892817
2018-11-08 11:49:52.400000,-1.709929280782037,-0.18021701194866147,-1.6341844632633542,0.15670991310247265,1.5015093555098737,0.5470975836151898,-0.48063823482343715,-0.8651860892653003,0.02284010050506008,-0.5543882788410216,0.8145089254369686,-0.24212502826135252,0.8933546977709095,0.6100651431203262,-0.06827573828923426
2018-11-08 11:49:52.467000,-1.709306332756182,-0.17860736809267547,-1.6320036449590434,0.15560517669519655,1.5004178591286144,0.5456800114477016,-0.47996655964529744,-0.866258184523518,0.02733459991668344,-0.5564426185335188,0.8150631358895226,-0.25099716483364276,0.8922946490595346,0.6068642504896298,-0.07031984846258356
2018-11-08 11:49:52.534000,-1.6913150509242598,-0.15994604282799635,-1.6573882872799126,0.19041056019206845,1.5208987671856953,0.5485410373054407,-0.5021650138154041,-0.8611789132530996,0.030544274474860827,-0.5902944307670478,0.8156354647218236,-0.30064771687261305,0.8963535380830734,0.5827211850843795,-0.09908455057442701
2018-11-08 11:49:52.601000,-1.6957434100015205,-0.17651538189364002,-1.6720938867809618,0.1633874018944733,1.5429303022905174,0.557575843457176,-0.48637905986249597,-0.8858873064110898,0.030793336493182277,-0.5659357508823079,0.8475034463022872,-0.26952868650132805,0.9233763244212329,0.6132790696854381,-0.06308934440444715
2018-11-08 11:49:52.677000,-1.6976035170704467,-0.17452428269420062,-1.6597229425010007,0.14790562538133648,1.5413845239048587,0.5564890158778638,-0.48539422459918236,-0.8840570148377864,0.047123775252031375,-0.5837172673239078,0.8496088135131779,-0.2863923006611389,0.9213097033659347,0.6092446911232849,-0.09414613328690448
2018-11-08 11:49:52.739000,-1.6834345301515568,-0.17246324060347856,-1.6997774670266574,0.15979437136948463,1.5773795004093087,0.5642724843921286,-0.4936056059578944,-0.9070529050926457,0.04545568209523623,-0.5871503291256636,0.8783566956296872,-0.2981000603324025,0.9537535455031384,0.6233332575601049,-0.07577769519555581
2018-11-08 11:49:52.806000,-1.6893189042806465,-0.17475087454167149,-1.688883963010658,0.15352767895615851,1.5617848728953567,0.5594860192370458,-0.4835576530672021,-0.9013867330712676,0.04432687472593691,-0.5851771320837735,0.8729486354010147,-0.28764124723276135,0.95335092581174,0.6169985132798486,-0.09378353600898014
2018-11-08 11:49:52.874000,-1.682293999758227,-0.1726494306228643,-1.698673257179634,0.14530670783878127,1.574237130406581,0.5754176458119906,-0.4881279244644543,-0.8971374027942296,0.04924059399038125,-0.5761848605347726,0.8700816156690325,-0.2850629398254162,0.9355611012839621,0.6135746461591062,-0.10740389786354264
2018-11-08 11:49:52.941000,-1.6774036015463967,-0.18152223008106144,-1.7191555324134777,0.13929786713910194,1.5969569295498747,0.5878916870530698,-0.49696130006530015,-0.8926936341447171,0.03832157569225875,-0.5664003844780194,0.8713850482990236,-0.2606948562599014,0.9293548695703281,0.6189634337894557,-0.09566252981690455
2018-11-08 11:49:53.008000,-1.3331709434966015,0.16922749164266887,-1.8422121244947587,0.03472923778158127,1.6900693838885397,0.565710438193981,-0.39044766864206404,-1.0952570665565056,0.20407567451764996,-0.6909740192889655,0.8025468396188543,-0.07904548297920025,0.9549963911184262,0.21678223790180282,-0.5141484656674451
2018-11-08 11:49:53.075000,-1.0195466151653925,0.5616731981490346,-1.8574633626277648,0.04641263528485978,1.5920303784292247,0.7068350561400493,-0.2821103959498241,-1.1431582727002694,0.05126525358562117,-0.7300266757824705,1.1955620521297368,0.10501709361317751,0.778673008434342,0.04413873281393779,-0.3338844119592937
2018-11-08 11:49:53.143000,-1.1265634620959561,0.13803202919813146,-1.896629567824056,0.30324307215926827,1.7048914487499314,0.6059989807686227,-0.03506749335627646,-1.1261849057157545,0.2105934347963615,-0.7031715405430732,1.1326222310870009,0.05904776344109863,0.7681766826339453,0.07499443932849006,-0.03782477315187058
2018-11-08 11:49:53.210000,-0.7014203377573209,0.14381050892210728,-1.9162357173958582,0.2661122937312589,1.8025142943770804,0.8365067231243224,0.20785508247918583,-1.1340306495500163,0.1413489286497791,-0.8053906212746876,1.324704561711934,0.13773777443345242,0.6891808480297895,-0.15259926819808964,-0.08038609685264282
2018-11-08 11:49:53.277000,-0.5032113481250482,0.01050247045524727,-2.1243467425234273,0.18915546747246506,1.8256462339914594,0.879073644399048,0.5598970581936309,-1.143385453954051,0.25132379175363256,-0.8250082294727307,1.101962500720041,0.1376635193253673,0.7075099310910461,-0.26761725113010504,0.14157328975298283
2018-11-08 11:49:53.344000,-0.3549678662764506,-0.18363879899676783,-2.2628838497327353,0.45425024964621397,1.713183146641629,0.7581086316356627,0.7589213485818301,-1.3469853795899764,0.33419691572858434,-0.6724201330030372,0.9764796810842277,0.033804004794458,0.8850039766546542,0.10323291701616186,0.07918637657003565
2018-11-08 11:49:53.411000,0.10445918857837544,-0.5252693570436049,-2.128018919751979,0.5522651516886705,1.780805973382793,0.8806821383112708,0.8011698122279561,-1.398678641968768,0.45645256092467557,-0.8666991976877622,1.1609248591028367,0.115410140260641,0.6650069916243303,0.2531261116166218,0.3075688239973726
2018-11-08 11:49:53.479000,0.13300548522958344,-0.48998231492585487,-2.1842922231032014,0.6087657916664975,1.7980195403371155,0.8922616227576099,0.7722081406674282,-1.3530059534775076,0.4520836460795653,-0.8545604287656242,1.1028395663830226,0.07159236954938253,0.6443746484889897,0.20163309382930703,0.28809329407802
2018-11-08 11:49:53.546000,0.7036273949057494,-0.9411217848168612,-1.8819785509405822,0.3946250215845488,1.8749168800702671,1.0743453551993603,0.9877646172582751,-1.3519553070604162,0.35606412468018245,-0.8550076782736246,0.8295006379146665,0.24177790776122965,0.7819630401287161,0.3113040177834874,-0.19636049347316853
2018-11-08 11:49:53.613000,1.1326560272759778,-1.2584912070259564,-2.161532909631111,0.3366099475946175,1.8265596210711568,1.1245913007313502,0.8214109289750912,-1.3148726532864543,0.32885252526786424,-1.040751148607744,0.7459916366528843,0.20797562996603147,0.6525857667122269,0.177401919095351,-0.1542652523331856
2018-11-08 11:49:53.680000,1.1849282009420268,-1.6247000685957564,-1.7548329222739363,0.6811948372560785,2.0106840234538406,1.3476426746190113,0.6936900496810748,-1.2350297466274613,0.14165587115305217,-0.6991197824191142,1.0140112787253355,0.15243097490952792,0.38892798275514096,0.2769353592031592,-0.12021918412614187
2018-11-08 11:49:53.747000,1.6544286228783673,-1.8474487541653926,-2.254103269029267,0.4432546289710507,1.4749699727185872,1.1610194846401714,0.49425260429636386,-1.2181763209657959,0.07772427874481957,-0.8246536032110684,1.2871923501004512,0.03152101604262743,0.42203394175747644,0.46831316457768035,-0.09349526945472773
2018-11-08 11:49:53.814000,1.866674884038046,-2.064146989085345,-1.957907509123379,0.658582135215782,1.5530228760495322,0.8405976948812758,0.32160977417774883,-1.0525215614517396,0.18928368317456196,-0.628432219857423,1.2338006000387884,-0.18580295029599542,0.3632423474445471,0.4156491146244916,-0.3211380113794163
2018-11-08 11:49:53.882000,2.2561006077839103,-2.232761540911368,-1.8089523157071787,0.5721618715470914,1.7227444145488033,0.7155797962004385,-0.050090610072843544,-1.246418169844163,0.2492355142832296,-0.5424178045832337,1.3555108743310933,-0.3921738672774375,0.09735713409110036,0.1939627849983133,-0.2555248629073211
2018-11-08 11:49:53.949000,2.307196865397378,-2.310107634281031,-1.9167809462024115,0.9931632119204072,1.6499357863205493,0.6871460140999477,-0.16586954784906532,-1.1379970225800617,0.34485914908800264,-0.650608100277123,1.4122730470578195,-0.34376901672963733,-0.004106519060493974,0.25516395269450837,-0.5871581020339058
2018-11-08 11:49:54.016000,2.440248810264368,-2.3643338233987254,-1.6415402374193628,0.4549670223311023,1.6010505731145719,0.5817178954746085,-0.34240754251344774,-1.1414736278455953,0.18660865201533466,-0.6347394293144428,1.3410529827625597,-0.34689868471538454,0.26859796047435036,0.3203759651319946,-0.8445880833394864
2018-11-08 11:49:54.084000,2.3147890769318744,-2.5431989508783586,-1.7606106884922104,0.6599331628136244,1.5012271593185162,0.5705280523233682,-0.48322687581849755,-1.0965004402851395,0.07793462639688661,-0.34905237675210693,1.5093975834853033,-0.2256398868431177,0.04382575324731297,0.2524989104618941,-0.3552861987590988
2018-11-08 11:49:54.151000,2.431306243617522,-2.28433095319689,-1.5047412268393694,0.8241685222344913,1.440490483070128,0.7494257021825815,-0.3941418288649511,-1.055718422836254,-0.24467118717596092,-0.41254139248897803,1.8081266410514323,-0.3723675957130501,0.06903434610040116,0.2042059295899635,-0.4795550959850769
2018-11-08 11:49:54.217000,2.418731998598145,-2.523714094327397,-2.02501523623564,0.8284594203256976,1.4645944113505645,0.5944511115756528,-0.6733289187084145,-0.9152675690476572,-0.12303448291982794,-0.3287748023127161,1.4092235782317872,-0.70294432702233,-0.0816079842873717,0.227489909041158,-0.7234157708026087
2018-11-08 11:49:54.286000,2.4209225705614994,-2.6764078752257765,-1.840535922137071,0.49636263033507466,1.557639726972962,0.6658775144111339,-0.8296164928761288,-0.7979203296730439,0.006446743528234766,-0.26976713284966714,1.320821512490799,-0.7111838040509114,-0.12132472138097083,0.027824046182622547,-0.6900644160323969
2018-11-08 11:49:54.352000,2.505253037595933,-2.541520764111072,-1.7362454668837748,0.4882585530757825,1.6113885446641283,0.7530193044249015,-0.8620271489214064,-0.9875896048514411,-0.016530194419212885,-0.3728619164179549,1.388327916596502,-0.8175733243530402,-0.07047983336374064,-0.08358419352367127,-0.8468060425435
2018-11-08 11:49:54.420000,2.367157712138991,-2.658358095279647,-1.7666638980104963,0.7742120737220174,1.5813008418496213,0.7471285381923816,-0.9216629580559123,-0.8242898379336144,-0.10478141990953847,-0.18241358287323026,1.355176678448287,-0.5664775912201399,-0.3638842681297636,-0.06245108954399309,-0.5231286931767269
2018-11-08 11:49:54.487000,2.602882686675189,-2.5081926753278987,-1.6238955485765592,0.5009787617305623,1.3619392484346577,0.6123732203282876,-0.9013226115969475,-0.9113511814640608,-0.0275556033890339,-0.3328994863683309,1.3676848149152678,-0.681608071832909,-0.057539745658173436,0.07832421558290112,-0.5672360448912316
2018-11-08 11:49:54.555000,2.735611589720481,-2.3053247545093294,-1.9015766428093728,0.6474608171888125,1.3008826669665838,0.4419718151880975,-0.9066336831573122,-1.0304867039167394,0.1222319388346389,-0.13608668947999797,1.3679193306551924,-0.7840362101235651,0.0110133216602053,0.08210945416099028,-0.7091416171492381
2018-11-08 11:49:54.621000,2.7864192790616373,-2.220532530033151,-1.7351627706411434,0.6631452805946678,1.3097341920742092,0.5685802002892538,-0.9910787057568061,-1.0384562995635789,0.10840049023412779,-0.2769467501866924,1.2786065446287276,-0.5807920724714065,-0.1947962230971284,0.10679328679129163,-0.6568733914779633
2018-11-08 11:49:54.689000,2.6231066919395207,-2.3198747117998506,-1.5581912176574586,0.7386165171236572,1.4291619202746775,0.5709737236127919,-0.8745158294039455,-1.1053042556416444,0.009417976315246157,-0.2852638960717152,1.4004621252245573,-0.5017287431377986,-0.27408098745933407,0.031917212728450745,-0.7620586019251847
2018-11-08 11:49:54.756000,2.849061289747848,-2.154530443299862,-1.6704485768797168,0.669638605144241,1.392578155813986,0.46880399464293293,-0.941222798770129,-1.067799534325355,0.0016651120726377533,-0.2479953451505788,1.4208408327181472,-0.714530693909378,-0.2359676882396402,0.09308835352224665,-0.8019736575558499
2018-11-08 11:49:54.823000,3.149165824911371,-1.8925070774753254,-1.5795179790785097,0.20891272145962628,1.0979885162212342,0.5328977701408261,-0.8039229623409071,-1.2077242296912765,-0.08491024834353081,-0.4489274552336738,1.5240037466136673,-0.6656367063880171,-0.34376309404847805,0.34458124993528494,-0.5797893580229492
2018-11-08 11:49:54.890000,3.006080422215991,-1.930114085888412,-1.5925835570236415,0.7505524232418826,1.2681927602503595,0.36424380418543906,-0.8905522220479896,-1.1755281688741825,-0.09129821223960966,-0.24364847024038627,1.3863483935441898,-0.7748590556570003,-0.06431173345482144,0.2541694578332625,-0.48847967765052397
2018-11-08 11:49:54.957000,2.8845629299212545,-2.1234727360359966,-1.5457465092556768,0.8217410936807799,1.346869693325734,0.5507001620488001,-0.8861398995099219,-1.1649475816808004,-0.17260127946904735,-0.19964642768561158,1.4991519918187814,-0.8683756386656436,-0.25725051107267327,0.38883050552739984,-0.514351696356022
2018-11-08 11:49:55.024000,2.897460071420384,-2.096797016543185,-1.6712184697153858,0.8508571811974406,1.3973561958052851,0.5207755210241993,-0.7916558158364788,-1.2594448755301622,-0.1533857046839478,-0.27302182440555545,1.3938627101285468,-0.7198359096663395,0.07181047819237774,0.16278802619668642,-0.7029256027456934
2018-11-08 11:49:55.092000,2.8332239555004683,-2.1435411753586475,-1.5473879176168515,1.0566392904958244,1.4570401757199511,0.45379165966620455,-0.8889862107707519,-1.1669267568778985,-0.15787008351694076,-0.08073090301829397,1.5291695457714227,-0.7509136190235494,-0.26362907638781086,0.2768728278457976,-0.3319224009417901
2018-11-08 11:49:55.159000,3.012848920183811,-1.9579842439644082,-1.4179058718080855,0.8983249362637915,1.1215193427501235,0.47027903627915046,-0.9385025263014309,-1.0697834846403729,-0.19071784726447175,-0.2663056965840329,1.518001920049999,-0.6092077578600392,-0.22294617435294528,0.3520395605773614,-0.6345774047405255
2018-11-08 11:49:55.227000,3.0177224039805663,-2.1606056612659374,-1.4414118482957574,0.7810671800824924,1.3161907304903835,0.4740978946519854,-0.901681264582885,-1.1154885301805482,0.030679879268205146,-0.2776249200624604,1.4212478460670035,-0.7642951563642977,-0.0601400112351298,0.10530499776328409,-0.5162426459318782
2018-11-08 11:49:55.293000,2.8573447903726885,-2.114966362831484,-1.4164880642962523,1.1040186466508162,1.277018404736351,0.42296850506302,-0.7518529835425326,-1.247876239916241,0.09802126220450419,-0.2864675728408899,1.2478648700706851,-0.5874807349801054,-0.10678716268244615,0.15126012391689894,-0.8439845757904478
2018-11-08 11:49:55.360000,2.8392744880692558,-2.165365695202384,-1.4260461658045878,1.136789170539957,0.8281780076771312,0.23517245982901389,-0.7729564930726773,-1.047257920318649,-0.3225518855751041,0.14292016776655514,0.7819195071301752,-0.07551653343023573,-0.24699664782930664,0.17227450614417253,-0.39657506197488207
2018-11-08 11:49:55.428000,2.9663390636090927,-2.108568804895829,-1.5209288018664584,1.2238686019330625,0.6726241696112704,0.3057758399856241,-0.8791984254406496,-0.9872706580592504,-0.5394269277417756,0.16999727042831375,0.8327824111397848,-0.10689628116981348,-0.4810697341426511,0.26198917380150233,-0.11490334050507432
2018-11-08 11:49:55.496000,3.0707069900958963,-1.7507423527123245,-1.1943397147130952,1.4030788048332286,0.95831541281083,0.5059554238114741,-0.8199363925159497,-1.063492476406424,-0.6383050767337106,0.07661306196692147,1.2288319562153718,-0.21321785138220628,-0.549169411970656,0.12195624743951214,-0.13896746841857982
2018-11-08 11:49:55.563000,2.9421531301528168,-2.18548594425434,-1.211129212668536,1.2263668710566442,0.9430827027463544,0.5002397344472235,-0.6753114788065809,-1.1047052148262695,-0.3229772666047888,0.3201265389912743,1.007388615256494,-0.43914394874322815,-0.17961202650485641,-0.08680317480720187,-0.23300844044428598
2018-11-08 11:49:55.630000,2.9158646764195995,-2.155924376181027,-1.2700264434693216,1.2936500632760675,0.8620829927919709,0.42195983747950816,-0.8917280945949023,-0.882385338662199,-0.3118551246180119,0.3166174508497669,0.9796535708868044,-0.18329139174537468,-0.33226022028609703,0.08411050121490674,-0.23336465749508056
2018-11-08 11:49:55.697000,2.9100904164182193,-2.4490845606257348,-1.4221789121539532,0.9252501862903555,0.7527305665028761,0.1947766176605795,-0.9582724560040529,-0.9564875260301897,-0.08027983881568651,0.23462657949508636,0.9625427855040709,-0.3489789987420066,-0.2931108263744212,0.07556917443162045,-0.17187605278508528
2018-11-08 11:49:55.765000,3.1215671649878693,-2.1314163591949438,-1.623513360225367,1.1072004163921527,0.699126217986018,0.3457826745253973,-0.6400982301357498,-0.8689823191694767,-0.29715500754337326,0.13418900548574095,1.2716089683961251,-0.18737400786542957,-0.5013440228483865,0.3322607404306219,-0.4602952229210762
2018-11-08 11:49:55.832000,2.717339255425218,-2.7740847323992646,-1.5418625741140723,0.8595935658941167,0.8588292184670581,0.17912083771112583,-0.7485638899401638,-0.7079540176537423,-0.047785993606903665,0.19022658650010965,1.092781519664764,-0.18356708363396845,-0.31876599552422713,0.08681730861072653,-0.37390211939612755
2018-11-08 11:49:55.899000,2.7146438977311824,-2.801689178673999,-1.588467704713815,0.8082080955529124,0.9999400769634246,0.192632015715096,-0.7159927706255432,-0.685277648535732,0.10987347198438857,0.04007737799916554,1.0928318036115918,0.014012771762699883,-0.44143244874295784,0.06570964240792768,-0.39332773262543475
2018-11-08 11:49:55.966000,3.0162526942320307,-2.497048036919812,-1.7235463595646123,0.903693687519596,0.9297139005543509,0.36654163408532503,-0.5326068825562146,-0.598320713270131,-0.12059829568953634,0.08188839703949169,1.0342597747120739,0.11293933347699031,-0.25943430279317015,0.0008839176896089651,-0.4566935171514966
2018-11-08 11:49:56.033000,2.619746676571979,-2.731513932420881,-1.6443342157089507,1.446440708768792,1.1191257238641668,0.31558720536660484,-0.14941957043266685,-0.4742364906609072,0.051826445451749414,0.15239268099418235,0.9903251569563222,0.265807114011578,-0.13655066190785514,0.2567605196213464,-0.4213067225649412
2018-11-08 11:49:56.101000,2.6120671221020597,-2.6460768362393474,-1.6531847544272196,1.282755781743278,1.4732998392330034,0.6222815680738334,0.07993630789241568,-0.3456225756837081,0.04290363852446988,0.11083221576296104,1.0294840408484822,0.4626894504660215,-0.02188933936145243,0.28806758208601946,-0.18058453924362322
2018-11-08 11:49:56.168000,2.5529550630032176,-2.429017327252989,-1.576684832858777,1.131167452782609,1.5186849898719934,0.6568207289809072,0.33350343452816145,-0.3396388182478262,0.09280967483141472,-0.12517322606861567,1.0712146406908958,0.5469957614855387,0.2549476211697469,0.45307569692775373,0.06941263062289565
2018-11-08 11:49:56.235000,2.27011910653251,-2.327795020961413,-1.8222415372621208,1.1149251099692241,1.9899713278896134,0.8236042684809792,0.8593084562829645,-0.5051746254444688,0.5550497340356704,-0.48598523951301165,1.037066845817221,0.300649984435073,0.6995908134643095,0.6060793091008153,-0.36865828425152786
2018-11-08 11:49:56.302000,1.9941567587333413,-1.7476068905565723,-1.7018844245980573,0.816986750314025,1.900157817414835,1.0363030573059082,1.180074106955706,-0.7400857730594284,0.4697219804034377,-0.6140616415268078,0.5507550561897534,0.4190805165284955,0.9356571178308296,0.5422863571678248,0.0114265087120516
2018-11-08 11:49:56.370000,1.5997572833070532,-1.45582057620354,-1.6128493053675919,1.036331956641586,2.096123875847405,1.11709164065,1.6767309892918636,-0.7659889424458671,0.26723875054759766,-0.7109964556293267,0.9091914895732842,0.5107046898369302,0.6856553535481704,0.46888042979949884,-0.2955076006727196
2018-11-08 11:49:56.437000,1.5536041713954236,-0.9877652561827968,-1.5825916597527445,1.0397641648244325,1.9311327555550357,1.1932379097532388,1.8545861733936837,-0.5610401376344806,0.28976093294694305,-0.569275653388632,0.8081605042842122,0.7707304957634312,0.9787785881679626,0.37524405698869334,0.28529068543150077
2018-11-08 11:49:56.504000,0.9454555298111944,-0.9863531017321852,-1.8370969473404137,0.8736218422463811,1.7505255882704724,1.0321435953854028,1.8215391811446882,-0.6442200113608941,0.4810935100069855,-0.5640943723998979,0.6763566888879062,0.6874556534655462,1.1883441763190739,0.2910103940465759,0.28947872904075356
2018-11-08 11:49:56.571000,0.3407221485669081,-0.45018023574804483,-2.037981594248838,0.7502247196078025,1.6169655154160234,1.0764550303565172,1.451873907476838,-0.6964018093515338,0.5341910021442812,-0.4972015467073498,0.8698452064397723,0.6684616323463546,1.2730958419639022,-0.049904645182335255,0.28345244624515686
2018-11-08 11:49:56.637000,-0.3088371620925594,0.040186517660332044,-2.2252180852397294,0.5000762013676591,1.467772779399544,0.7916115602211176,0.8251428258215006,-0.7141226688771201,0.4517702691058033,-0.44064351901553966,1.0568204823185527,0.6239399408730784,1.208177581059426,-0.18061247640691117,0.13911537473342028
2018-11-08 11:49:56.705000,-0.9504830030797797,0.2829521712339124,-2.0997616584902747,0.4305803016183207,1.3616040515511771,0.6765094356269521,0.31597886367643613,-0.8435800958174796,0.29822873337545497,-0.506295247156488,1.0157005826976635,0.2499800992593299,0.9604727446867619,0.05646626167917709,-0.2559492037130117
2018-11-08 11:49:56.773000,-1.1231021939029535,0.3937405220445052,-1.8309992426680597,0.14410100184850969,1.458435835960023,0.6278187780065205,-0.15773263126217102,-0.9068851992381963,0.1802749688705626,-0.5039609803974183,1.0041949522222087,0.06488252590115617,0.991152869936402,0.1952025569322338,-0.251081709061801
2018-11-08 11:49:56.840000,-1.4223396570938593,0.1599556881024991,-1.8682477860579831,0.24273184039928217,1.4114530202746467,0.448490045344837,-0.36418450761007676,-0.9254361995872419,0.21065106499649267,-0.553959326845956,0.9574061115821787,0.08582591064952078,0.8438472726890222,0.45727998113420965,-0.2192313195525834
2018-11-08 11:49:56.906000,-1.1134156943956595,0.4868375097211855,-1.5250021606005573,0.03979152445631476,1.6024906500428562,0.662401728634802,-0.5076792969160435,-0.8226439374596458,0.3257237827909376,-0.7345541514663761,1.238982164566073,0.34093195226709777,0.9255368385819299,0.6370501271701307,-0.2994495526202089
2018-11-08 11:49:56.973000,-1.1714560154694094,0.5713111644116673,-1.4545491371181325,0.32520617789097694,1.5053203234538803,0.46309702774383577,-0.4658368464499838,-0.8255333094379511,0.19349605547509674,-0.5882224246596857,0.9741005883642085,0.19857280127376803,0.9822843008901688,0.6438698422813784,-0.08292351631210952
2018-11-08 11:49:57.041000,-1.0465041533859232,0.6844654262654979,-1.5806759686689646,0.0770269644580687,1.2732308509967383,0.15133678763797972,-0.3971106860398713,-0.912182012534966,0.2644357567135197,-0.4051697744108529,0.8941178994561672,0.12610829515956395,1.045538988323293,0.7011213563571942,0.03954489236130988
2018-11-08 11:49:57.108000,-1.3467481185681367,0.39016134714850753,-1.529947280890861,0.39802127837167023,1.37929279493961,0.37415986517655103,-0.4328645044610572,-0.9724925313426629,0.34751505913463454,-0.57776097320188,0.9190709209219553,0.09818444272142623,0.9093973713041604,0.6860347688992623,-0.2864327647055435
2018-11-08 11:49:57.176000,-1.248858298034229,0.40534952713519307,-1.4248236535182,0.0894625141478852,1.4689861225404037,0.3872758558076596,-0.4266642672771306,-0.8452910005584344,0.34872982717192347,-0.49455049410811397,0.9551970419316076,-0.0019939397029716255,0.9879317177872938,0.5589990160044606,-0.31011530459146575
2018-11-08 11:49:57.243000,-1.3659689943927658,0.2519270683515438,-1.5049857515388438,0.1967788634745858,1.4605058896007823,0.4443745315675382,-0.5405144468208344,-0.9027179402622855,0.3041553459670691,-0.6057935052798417,0.8974875530400507,-0.0056444344441075045,0.8867609540952291,0.44300650602772473,-0.21913180847232078
2018-11-08 11:49:57.310000,-1.142404931206009,0.5399110287728903,-1.6348569747778197,0.21104499234231602,1.3902705105505593,0.40216196348664873,-0.5996458292509671,-0.8442100982797992,0.357297002549115,-0.49911498407855304,0.9256841162825428,0.02083166254629193,0.9439979736092082,0.6558300053813367,-0.1743467278587842
2018-11-08 11:49:57.378000,-1.1721030258031289,0.4804230784627675,-1.5766130938220582,0.1938452441080218,1.367535009568204,0.381925143380141,-0.5864474744531046,-0.9429068038248253,0.29717656578680207,-0.6602578832117708,0.8889973683093328,0.12268857145855233,0.8499014467273717,0.6239234294211318,-0.09293559155303711
2018-11-08 11:49:57.445000,-1.1900475751710697,0.48491507727267164,-1.511649496223782,0.190002933887277,1.4621497619868615,0.37394767191805645,-0.5297187486005791,-0.8502825851282421,0.3102482090318427,-0.5384487115934958,0.9740936807697166,-0.02142759362692076,0.9346779436274432,0.6497022992681324,-0.29181318368477877
2018-11-08 11:49:57.511000,-1.2057257278733908,0.5734369736102982,-1.5751925376994738,0.5994314298167576,1.508545140060544,0.5198023498366706,-0.6214376980769191,-0.8008000555828991,0.30942196257075855,-0.7784763325073051,0.9019125325489564,0.3216149046182647,0.9821290218560398,0.6101795982581496,-0.19490241992405594
2018-11-08 11:49:57.578000,-1.0306702936891101,0.6133382069300828,-1.4884820998525208,0.14125377873399467,1.365159787535045,0.5903446498339648,-0.6820593577472769,-0.6819146870703082,0.19789111696420714,-0.9394620820640522,1.0119269629378391,0.44759010433623114,1.0095286921570503,0.5726422785260358,0.11404410978112299
2018-11-08 11:49:57.646000,-1.6917879871049681,-0.156629714203387,-1.6732397110138035,0.23309598928451866,1.5047666919438565,0.5471236326514677,-0.5105910349648171,-0.8180002256350434,0.012508984741094076,-0.5703638544230245,0.7781261675460084,-0.3140828572907555,0.8495341261179923,0.5568928373871977,-0.0292159859327714
2018-11-08 11:49:57.713000,-1.2229592592886844,0.48940148349398177,-1.672335979882218,0.4494204482978583,1.5768273640304677,0.49839481284482234,-0.6588637013649038,-0.832412772182391,0.3415596720669174,-0.6984130252737197,0.8209209448452726,0.05003570535616908,0.9303248233088327,0.5367589039267218,0.046328834860826486
2018-11-08 11:49:57.781000,-1.7184965966486905,-0.17571381647583806,-1.589712238599985,0.17166570966943787,1.458043520500953,0.5258910490466435,-0.48719368062990664,-0.8430701357924454,0.02097078112178835,-0.5562776396712952,0.7864138944839852,-0.27224339490148014,0.8248802296259978,0.5963019063744281,-0.0297496691886638
2018-11-08 11:49:57.847000,-1.6475235593394468,-0.10390302644687521,-1.758134818184324,0.28887260799958425,1.573716294730291,0.5533080825344696,-0.5510232861581289,-0.8352901862238474,-0.015219278920572038,-0.5745165675513098,0.7577885350032999,-0.4181440760034894,0.8183141111869544,0.5855013013568675,0.026037856884193765
2018-11-08 11:49:57.915000,-1.6537603786585091,-0.11040807825950172,-1.7257840582327895,0.32255802856925764,1.49608848425364,0.5669957286065516,-0.5303349149372194,-0.7157160406596107,0.012301353509217267,-0.548322332210744,0.7258473235705183,-0.3492714969889068,0.7842085014642576,0.4657081912529244,-0.07810112172808724
2018-11-08 11:49:57.983000,-1.0448566004265643,0.5638527386690371,-1.5759896562588536,-0.03356876050376251,1.4715146194692805,0.37543552098240546,-0.5559974427011187,-1.0810418745921497,0.5564863410654624,-0.6676202926857957,0.7322996917604541,0.11436016982558456,1.19316143525324,0.5702602546819727,-0.22576652660871516
2018-11-08 11:49:58.050000,-1.201251953868074,0.5898528358344701,-1.555968549077383,0.26092236213868447,1.558149990854039,0.46258914475143303,-0.5236367445070015,-0.9841338100426755,0.35693980122245084,-0.5832157515524666,0.8679258493256228,0.28625352347975136,1.1095293363705347,0.5817406429816774,-0.2903857781390607
2018-11-08 11:49:58.117000,-1.1414313066589337,0.5118227297234406,-1.5832362222017402,0.23483995153715834,1.4356536416480263,0.4138718358499994,-0.612897837381545,-0.8764428587684208,0.29622688434021693,-0.5378301367165661,0.9222401174755188,0.2029895847379204,0.8324587489681112,0.5354527921557483,0.06086671220972874
2018-11-08 11:49:58.185000,-1.6996924283255468,-0.16986421817095082,-1.6342376261086045,0.1454471202729705,1.4962865837252792,0.5377893517280178,-0.4963848550902824,-0.8536193170281249,0.018421842741924238,-0.5589889602783575,0.7796275433538636,-0.3067939255790895,0.8477547153520868,0.5978895920691386,-0.017376518074958047
2018-11-08 11:49:58.252000,-1.7049804989773636,-0.17301499403534698,-1.6380256542853986,0.19418113426442382,1.488027971877818,0.5305655398680083,-0.485466304251405,-0.8617036918108418,0.010589077661063373,-0.5438881154373243,0.8154753719582742,-0.26717840598375997,0.8629577680083936,0.6031245753847366,-0.005046886061363151
2018-11-08 11:49:58.319000,-1.7035671142357276,-0.17134896360588703,-1.6248752942128077,0.17818249025093472,1.4869140415052218,0.5336722368655848,-0.48855687506480583,-0.8561393776566093,0.027897687059977527,-0.5473450141711501,0.807868242025886,-0.27499610578652384,0.8344207180066537,0.6008868887129784,-0.02472305812767696
2018-11-08 11:49:58.387000,-1.6541761973685543,-0.12548877988609686,-1.7326908811626416,0.2727063221433643,1.5386600453491535,0.5664084182627984,-0.5235295921430296,-0.83359037357569,-0.00928035159339266,-0.5554340766386034,0.7983661733035958,-0.31381657465342166,0.8557709932100225,0.5454446341787509,-0.0896697873740294
2018-11-08 11:49:58.454000,-1.2704790874105027,0.2635366315527135,-1.6876000141833734,0.03623912370920562,1.5954361262365608,0.4379869855204302,-0.4996860017995761,-0.8895949620409875,0.2239597603420369,-0.4391574489866524,0.9926052847026636,0.18564620060816245,1.0776780524779324,0.35492065680283635,-0.09253809035171508
2018-11-08 11:49:58.520000,-1.0856033312987674,0.28486861486440823,-2.037632662060915,0.08061232585450356,1.5818746046153342,0.5603101834082685,-0.0855254931176091,-0.9869658174934067,0.2610171733725283,-0.5172744577476507,1.0581027490968762,-0.11389106181716149,0.9712388082261322,-0.020034533520522563,-0.09593953950699995
2018-11-08 11:49:58.588000,-0.8723358167986375,0.10201225046068202,-2.4569353003033876,0.5424500726744865,1.7379175874952977,0.6164801633133268,0.14554616091246553,-1.0306898851870443,0.29697903613929955,-0.4901143485436981,0.7858640753809132,-0.16933244277147275,0.6867726911784572,0.19742221967044218,0.18472634990172798
2018-11-08 11:49:58.655000,-0.4858608539844842,-0.06582250716853638,-2.2191212863819363,0.3806243592828902,1.6163568609831003,0.6990316073729547,0.6860156602322031,-1.105049396717235,0.41478751469092245,-0.7466353064098016,1.0290958440389006,0.10996553622856947,0.5961692658448717,0.07739689008345405,0.016702125218935285
2018-11-08 11:49:58.723000,0.4280069070494763,-0.6781818042656591,-2.1187883490287662,0.672584329855386,1.737277266566002,0.6384038632334681,0.8492476054689012,-1.212907453195151,0.30960005346886743,-0.9239395028835651,0.4548960372883445,0.14636394695892407,0.9999876795569796,0.24287162870156734,-0.16830723323338803
2018-11-08 11:49:58.790000,0.4223249453736737,-0.6937111104008385,-2.1443323829782126,0.679744361843313,1.7589731708099303,0.6770241507500995,0.846518564148233,-1.1904665778139387,0.29391043770595515,-0.9111652998110348,0.4788066657230835,0.20255954952443014,1.005300856685202,0.2143828654665176,-0.18939418597084612
2018-11-08 11:49:58.857000,1.093378688508463,-1.6474472870655306,-1.9453663990485284,0.7548069223046995,2.08010641550493,0.8602064133745592,0.8217944647278405,-1.380980840692086,0.07200113591463203,-0.9173415158780297,0.5616663989322682,0.35385816249362406,1.0370315626340476,0.24284597964780172,-0.07862023859815435
2018-11-08 11:49:58.923000,1.5712434798384316,-1.9375560037440764,-1.9963996541038487,0.8862988655066033,1.9879049169636143,0.5869046506133859,0.6838258313175778,-1.4238005360452541,0.07920372860721703,-0.7883900287899019,0.7104964537111337,0.3502410984422631,0.8378931097504845,0.16176812002605875,-0.15146564673592428
2018-11-08 11:49:58.992000,2.254290311773161,-2.321725616169615,-1.9035289366700956,0.6065550854948807,1.9820490055288222,0.36843362952845105,0.4588693833942561,-1.3165953733501827,0.0006879341055515686,-1.0580664316039172,0.8751296335967115,0.08190976092233782,0.7376147551534793,0.040513051459543176,-0.0978295195791374
2018-11-08 11:49:59.058000,2.3907243452539007,-2.395515048361255,-1.6305826794561895,0.5732201421026574,2.237341198870728,0.34356813858631746,0.24068679799126202,-1.3320733399694362,0.1201300956619813,-0.8729051273011633,0.9071028256530234,-0.1496257505569864,0.3721861053947,-0.28421293071609244,-0.5211593143581102
2018-11-08 11:49:59.126000,2.617281641538474,-2.5373794828102807,-2.0622686215927013,0.5633916579181262,1.8310876268117489,0.2387078057123255,0.1492471892456344,-1.0988850457963044,-0.07681396850478828,-0.813264992111431,1.0025645682110746,-0.01428821416844503,0.29628408287650254,0.03988774146542032,-0.41932809494050055
2018-11-08 11:49:59.192000,2.5084963723706553,-2.7287281475090612,-1.8291968118411888,0.38436667039485806,1.808241982093434,0.1389416451928088,-0.008708771141030303,-1.1213871853537645,0.26243914211197084,-0.8395543497573198,0.7767338282763936,-0.45946437259024064,0.44291275356764614,-0.17982794553496814,-0.8776588669129433
2018-11-08 11:49:59.260000,2.6010991588262424,-2.6612872660066036,-1.6208153928298292,0.4984494439851991,2.0147229309894783,0.2502714220914331,-0.005988824327387565,-1.145798105766301,0.08983182674402984,-0.6711862468159624,0.7095006246207731,-0.5353270281473099,0.46163283906163266,-0.28616131731046435,-1.2291873338152093
2018-11-08 11:49:59.327000,2.554600833201895,-2.7102202477164177,-1.8345512404084972,0.7916719329541365,1.7476867642146852,0.1263956223957374,-0.22662753129179314,-0.9292657255111038,-0.05303977650254632,-0.6057514954852254,0.8165517513756833,-0.2420330145220076,0.2747997934743459,-0.12340749878566495,-0.7341333135694912
2018-11-08 11:49:59.395000,2.892704997783275,-2.5231023189522914,-1.7580298179917404,0.40713454117290593,1.6972078124682712,0.2598066561179863,-0.2746035060031006,-0.9879765153528433,0.07290403598815676,-0.5568817431932997,0.9450021425718622,-0.527954362049694,0.4538921009697946,-0.33076211744899364,-0.8175993177215739
2018-11-08 11:49:59.462000,2.7330025356237195,-2.566670410338361,-1.9644534562829241,0.786927490718244,1.756106553949993,0.10082990731089411,-0.32611274232656706,-0.8367178289454035,-0.15098326775705762,-0.2544847062003165,0.8788677754398606,-0.2671546322686957,0.4689037942043969,-0.17126275330354637,-0.6832646524396035
2018-11-08 11:49:59.529000,2.691502952767168,-2.451631141403573,-1.494317279302973,0.8016688077506589,2.203800137177583,0.1838918617502223,-0.280038881213313,-0.9258909082148331,-0.2325218265536234,-0.3575144805750169,0.9688769687114547,-0.2842178675513055,0.29120592527236755,-0.5277720558163265,-0.7347699283232705
2018-11-08 11:49:59.597000,2.977136390432565,-2.1002437962477214,-1.8049899196789567,0.7693671594321355,1.6902829768572782,-0.1124975265942754,-0.20761767040503382,-1.022859980766885,0.018343313290527352,0.05863592664558945,0.6801962360155058,-0.4171592190582399,0.3960207742741163,-0.28260692227105855,-0.836809271723792
2018-11-08 11:49:59.664000,2.812072094305706,-2.352698685485918,-1.6630872433704882,0.47273630167296177,1.9644523758072179,-0.17262992438926586,-0.23798688296652126,-1.0412454243344131,0.17498913815233164,0.27726163308277385,0.6959026278244178,-0.5117987480411534,0.7572962647317728,-0.465544474613275,-1.195276643676226
2018-11-08 11:49:59.731000,2.828598035909925,-2.0587411081287015,-1.8011456978678384,0.8565752157701807,1.4125696778107864,-0.3750069566935114,-0.11444333335723444,-1.2124473012399493,0.058510526079076725,-0.02873622505921919,0.8783345900493268,-0.5830639311238148,0.5003571300468387,-0.3046285155117363,-0.7872490349329542
2018-11-08 11:49:59.797000,3.2533699880545077,-2.0949719564637004,-1.7485816947044974,0.5701568057139966,1.3002562034264156,-0.12614088260127712,-0.5683730248620267,-0.2885521296014833,0.5587021926763904,-0.06478467394804194,0.8875896818914695,-0.10661461820667029,1.2965508011607438,-0.691093893866905,-0.6779197688589274
2018-11-08 11:49:59.865000,2.960528545173643,-2.034781417825555,-1.6672710655274567,0.6335873761691644,1.8028493218693402,-0.09879292360846206,-0.39366693195012764,-1.1130545227149173,-0.14029508016295036,0.35224490334775765,0.8508105577439141,-0.3548892752474601,0.49901868577041164,-0.5361248806727824,-0.6212783382911299
2018-11-08 11:49:59.932000,2.999279447797451,-1.9899675699184378,-1.9546376592927717,0.770660238391063,1.6303481511529212,-0.3464343212582793,-0.3259439698654909,-1.1853183849842834,-0.08890707916868835,0.3621410435719665,0.6056808943336283,-0.4909608185387695,0.7613459527207252,-0.33297716609925565,-0.8946800444769478
2018-11-08 11:50:00.003000,2.9734876819326868,-1.9909742209953845,-1.5038745374572962,0.506922584037688,2.034436444755539,-0.04847395857648854,-0.2465735786928428,-1.1919312498546437,-0.17932707496613498,0.3938656019203135,0.7592125666195154,-0.638308736803157,0.7758832666184995,-0.603900351314327,-1.1185552834467705
2018-11-08 11:50:00.067000,2.885028218283926,-1.9767325032870748,-1.5454511898080054,0.7310792053664609,1.9343164594042572,-0.09171149850863405,-0.31926538173148583,-1.1736539078596593,-0.14159573668792244,0.500091720484956,0.8448982388427244,-0.6021992380453625,0.6145948896050041,-0.4965266068352375,-0.9038332686375281
2018-11-08 11:50:00.134000,2.9474531690142713,-2.051635414044433,-1.6637115351021239,0.7471026994921204,1.919097589412663,-0.29163571604776833,-0.39473779423869876,-1.1642434054848365,-0.015468384571612676,0.06411125895547787,0.9708448603541877,-0.5924933130966784,0.7494473879532705,-0.562288059586727,-0.8591689994380878
2018-11-08 11:50:00.202000,3.3382091050527665,-1.926958526422426,-1.5453304935136365,0.8090977893314667,1.7028201545286104,0.17490516482765292,-0.860070054147465,-0.22397465633630795,0.29655971265916126,0.07431175097056011,0.9696097304108787,-0.016839271985804732,1.3754007986361172,-0.8909585164956777,-0.5657342623401579
2018-11-08 11:50:00.268000,3.5284672782950848,-1.7661789452091912,-1.9780665728265394,0.6229540908823762,1.354908471649845,-0.04296121627468134,-0.6289203682089952,-0.0021481644478405296,0.3820504271452162,-0.006184682380669243,0.9370063547481642,0.07248963259064373,1.4989725829210259,-0.9213653665117393,-0.516935746644057
2018-11-08 11:50:00.335000,3.3241011918208665,-1.9720114721707465,-1.4558196937562033,0.7500309049088526,1.7448039071039965,0.07022198039872715,-0.8310059699672044,-0.2462815602764631,0.3391730986243314,0.17429446934526605,0.8275037952168091,-0.12180423403482388,1.4341372918100936,-0.9254244131431473,-0.4812548740589389
2018-11-08 11:50:00.402000,3.3131678848990394,-1.9458746439859247,-1.579052524144429,0.970469589357476,1.6422852527512917,0.025671724423191843,-0.7124003526384249,-0.2501978774384282,0.4014621610982977,0.32283977666121977,0.7645005157483971,0.008710558638088728,1.4573617193052884,-0.8937549570506677,-0.45973565867575367
2018-11-08 11:50:00.470000,3.292208721787693,-1.9833274121339457,-1.6208064023619946,0.8779978829969011,1.5410716206386996,-0.07018019652078647,-0.793401679267019,-0.1838603655311347,0.5843990370805481,0.22681359498863574,0.779467217760369,-0.05628415150266414,1.543802368489481,-0.8295343689326475,-0.551066149899049
2018-11-08 11:50:00.537000,3.3979724155950644,-1.8956861449323277,-1.4680287650355923,0.7445921787713461,1.7478336523676852,0.11018897575901962,-0.8876129696754181,-0.19057835602759768,0.4835462390019678,0.0033552750749289983,0.8328626324862782,0.02016475555461645,1.7774329684638364,-0.9924970540076731,-1.0231868086809408
2018-11-08 11:50:00.609000,3.2583300806501887,-2.047856873898804,-1.810416250704845,1.1618291598454233,1.5943964833888609,-0.007320947494607467,-0.7811465838594996,-0.057003172803548975,0.5899790758115051,0.17077018427853466,0.8562731158802184,0.24297079019879747,1.4949345535727372,-0.8834827144086524,-0.7892713861759741
2018-11-08 11:50:00.672000,3.2186230146560355,-2.071126590582924,-1.6740093975631019,1.1173431727601548,1.752861042627143,-0.0018229406219152713,-0.9194042599185644,-0.03299616883528359,0.6502502396390379,0.30534901552918015,0.8859225284951413,0.2349612576477469,1.4809154952166628,-0.8639000212950928,-0.642507203553585
2018-11-08 11:50:00.739000,3.120941801181159,-2.230860395013374,-1.7525132047498302,0.8724172916515855,1.9172333535342716,0.15328426276632665,-0.8946813375358661,-0.2333829660572043,0.5795706472350848,0.3584999016392249,0.8930824180058848,0.19743446192114766,1.285862623735608,-0.9117169780127253,-0.7549340190870754
2018-11-08 11:50:00.806000,2.9777989862294527,-2.405900459552723,-1.8091819072445026,0.7672975193062544,1.9057581863308668,0.1709343130473657,-0.9772312750546895,-0.10839180013605385,0.5090553086490869,0.4182937987684712,0.7800595568621567,0.39851781260119556,1.0315794444350908,-0.8318155733611251,-0.7541197404832998
2018-11-08 11:50:00.874000,3.262355251977433,-2.256206911998888,-2.014267524002538,0.6809009210152845,1.6576729560055414,0.16317462596978047,-1.0174527312713764,0.11630917095694834,0.5271550223148315,0.1895475744877732,0.9980059171604437,0.8787950904360565,0.6867765679023238,-0.6431928637116829,-0.7374452209778534
2018-11-08 11:50:00.941000,2.9609713654290832,-2.5991674366130537,-1.7456812765317775,0.6178342277624069,2.1942539263015375,0.27772344318879977,-0.7978212102054026,-0.38072844187843013,0.24731867685504677,-0.03704355650454334,1.1674391141990506,0.6648767240582231,0.5137164223823844,-0.427707224817356,-0.8719642299568698
2018-11-08 11:50:01.008000,2.726199797750187,-2.6946040587361004,-2.1152148181263275,0.8094620875853044,2.267131052138006,0.257316186968887,-0.36214262503443617,-0.5432809159635211,0.15454465851138321,0.2506849386126368,0.9580879795162179,0.4075649275691209,0.17687582606375324,-0.1470395912684298,-0.7470078417499656
2018-11-08 11:50:01.075000,2.601850856894681,-2.528233358940042,-2.189286232707262,0.8533761204300763,2.2736580335431675,0.3382331319397592,0.14117412037944543,-0.6303042178829117,-0.0621253325478561,0.19434662381721918,0.7477924909216477,0.5074009241067471,0.4319629568758916,0.06313546154956468,-0.7917677331722539
2018-11-08 11:50:01.143000,2.4551108917622484,-2.2519893850696286,-2.3518724166375415,1.096959582993698,2.3278281931434264,0.5216793398752199,0.5694609918398917,-0.6381463454500506,-0.04267492310526261,-0.12016745137991997,0.8399976030788701,0.6582860684877877,0.49843913312676025,0.2773004080435269,-0.9688181221011092
2018-11-08 11:50:01.210000,1.9580978182636857,-1.9663443433608583,-2.2887636811503214,0.9747716290048962,2.612557514763793,0.9078495508517235,1.4714075303122236,-0.5961416589634795,0.11731187890982475,-0.3215629453734999,0.5565829959691794,0.4308573807389236,0.7570843144690346,0.22932052596884742,-0.5774618813162548
2018-11-08 11:50:01.277000,1.895607861655738,-1.9578169188793246,-2.1581239855977206,1.013330561765678,2.5402595552266884,0.8245504830606594,1.481706429741072,-0.6531085966851564,0.1291835365399298,-0.4087175115828206,0.5758216683770948,0.32422006161594524,0.827481716677085,0.2947262186610363,-0.5348348418140433
2018-11-08 11:50:01.344000,0.9972877554645527,-1.2045435842604257,-2.0146119280893804,0.9412442103935545,2.5398139619216265,1.1127648535029253,1.7083037406495736,-0.8796337178670879,0.14851231951281557,-0.2939647471994683,0.49038636220781795,0.7121520266503143,0.9656098504561282,0.31440484113553213,-0.20171084625864216
2018-11-08 11:50:01.411000,0.44014033322239765,-0.8194268987588056,-2.3407050645548955,0.5575733172697762,2.219426229131753,1.0466670647481389,1.7327798210125351,-0.9139530256716122,0.38943245484469524,-0.47874802692666546,0.4919262479013229,0.49435557091688875,1.02771807138148,-0.12891176335694346,0.0397545396748132
2018-11-08 11:50:01.480000,0.4101262163885706,-0.8033349549849709,-2.3017524545532875,0.585831424526599,2.2153387350344595,0.9567340196318427,1.734746991103608,-1.047122012688743,0.4523629168965334,-0.6070181050646579,0.6035651071043943,0.3342054413483881,1.1769722464501933,-0.03306911179964442,0.0297001515534437
2018-11-08 11:50:01.545000,-0.9202736119917287,0.1357938620445463,-2.094341701674657,0.3083545738678587,1.8794490364548029,0.9453875624382118,0.19583295397444245,-0.8699276917667539,-0.029996481837470113,-0.2790434512469234,1.1693396129508495,0.4267520971306904,0.8765568648036629,-0.0722973813726098,-0.21175572452907337
2018-11-08 11:50:01.613000,-1.0925761234486384,0.1961990957334297,-2.2759545664981666,0.12603914781617373,1.5564271617482521,0.6575496992592704,-0.1562601761608608,-0.7575566942111179,-0.10839856159255809,-0.3838725139670894,0.9596441095205682,0.386853234744662,0.9152964367798108,0.1695518186409458,-0.24737010150795508
2018-11-08 11:50:01.683000,-1.0925761234486384,0.1961990957334297,-2.2759545664981666,0.12603914781617373,1.5564271617482521,0.6575496992592704,-0.1562601761608608,-0.7575566942111179,-0.10839856159255809,-0.3838725139670894,0.9596441095205682,0.386853234744662,0.9152964367798108,0.1695518186409458,-0.24737010150795508
2018-11-08 11:50:01.748000,-1.655612901611418,-0.18941597330991283,-1.8046171190946703,0.09038641279555953,1.671303797839775,0.7117529404096213,-0.5385253174934214,-0.8085687345203822,-0.06331425239208023,-0.48350286713296237,0.7441144802867522,-0.11577893001076245,0.8796292555494876,0.5828003353790543,-0.17817395226085836
2018-11-08 11:50:01.815000,-1.3710595548923714,0.2001615900937072,-1.8884473650340041,0.08204123696923996,1.7594142163006325,0.5395548994653026,-0.4419790049852925,-0.9922551679382451,0.09984828660607159,-0.4299663444121751,1.0182688109143883,0.1726668690965646,0.9187003618098447,0.3977646080108508,-0.18059014729101996
2018-11-08 11:50:01.882000,-1.279552349295324,0.2966444600694698,-2.0704708855246885,0.2622696844061442,1.3728169303530173,0.36656807096738925,-0.3255730088017458,-0.9628508508274188,0.12494994590642372,-0.557783405056149,1.064557893404894,0.18493813930830955,0.9991898755719398,0.44342573987502343,-0.26193538957781287
2018-11-08 11:50:01.949000,-1.2429707236445882,0.3565364382819683,-1.8868817780400597,-0.008216337705510807,1.4697326732162106,0.4103596259876876,-0.3891927524036002,-0.9729541711319426,0.1754491328066372,-0.5495357304194857,1.166178024152708,0.13617027387778796,0.810494884026745,0.5267751179911272,-0.08281442866558346
2018-11-08 11:50:02.017000,-1.3874309970469674,0.3158426002007408,-1.7344768524842444,0.38206442614577374,1.596516193952013,0.46303881980719086,-0.3853071559082224,-1.0026495731861016,0.1551698476438249,-0.4195814479475177,1.0924868879471972,0.24299626777277122,0.8542647740451877,0.45613148272562964,-0.16351194102894356
2018-11-08 11:50:02.084000,-1.4123220007097081,0.30435241372256,-1.7486425363317417,0.4485220911956336,1.5053155456176435,0.3800214169657234,-0.38487534183143235,-0.9539818479502841,0.12365391324232733,-0.3912048269606238,1.0305122687663248,0.2900254559609186,0.8436656408135631,0.5192475804180217,-0.2050016845200633
2018-11-08 11:50:02.151000,-1.375866358924643,0.2312850198582494,-1.7100175760009162,0.15228531343350946,1.584024694999038,0.44589394148983735,-0.4993797735772443,-0.9875514023086558,0.2129174413899873,-0.43734891693839517,0.9377273171848194,0.09777231462989677,0.987931492837964,0.4044524306234867,-0.22673086701867312
2018-11-08 11:50:02.217000,-1.3828355150121903,0.22189534141797457,-1.657213495218816,0.2702939874839885,1.624536686777182,0.3927879325223392,-0.50761874719431,-0.9225530668157692,0.07984973881498048,-0.5116968607924652,1.0980243704386645,0.09802887013606637,0.7591463866531837,0.42511365472595997,0.05372052354753094
2018-11-08 11:50:02.285000,-1.690693287950837,-0.15541870654315826,-1.6715545516869887,0.21097153233192598,1.5293309491281375,0.55404699962798,-0.5165203216108498,-0.8609861479906504,-0.002140702484125512,-0.5382343024509213,0.7905658283618155,-0.2585597591002864,0.8549110990002856,0.6110370523239764,-0.02036439408457001
2018-11-08 11:50:02.352000,-1.699149063028197,-0.15370115151396418,-1.6511814047352664,0.19445971735409104,1.519913267284362,0.5559688472677018,-0.5138212487036815,-0.8547203421169381,0.005573509289987177,-0.5547081744248559,0.7743911443900434,-0.2695639595990502,0.8500833627082388,0.6094882802238892,-0.055523766255633974
2018-11-08 11:50:02.419000,-1.6846957360854178,-0.1447076150262434,-1.6919527064586903,0.23413627335910628,1.5338614619659794,0.5735105171731436,-0.5311401696474615,-0.7951640076704654,-0.00634075750297608,-0.5222761145362727,0.7451638969249761,-0.2670884455904298,0.8148904617151284,0.5547205188361953,-0.03534624268280574
2018-11-08 11:50:02.487000,-1.6951249814266665,-0.15830024892765326,-1.656620224875573,0.1913637208306597,1.5209301830825246,0.559111251611987,-0.5102974559739086,-0.8511720791219414,0.0036014558281182996,-0.5467043730405113,0.7829646889024656,-0.2698839810096761,0.8543232389558302,0.5967751487177542,-0.04781570782677373
2018-11-08 11:50:02.553000,-1.3013893686338331,0.37730558472822967,-1.7276944351537185,0.10350032147302199,1.6309403809057519,0.4672730431075025,-0.3535644666859358,-0.9869510450905173,0.16502730187165898,-0.6368558289298166,1.1405222887347173,0.12847439588218273,0.8980354697158812,0.30868909500009223,-0.2633768190741857
2018-11-08 11:50:02.622000,-1.6884939807423893,-0.15367032675830272,-1.6939947363872725,0.22281646532351254,1.535373728121655,0.5717101531661141,-0.5246677860861095,-0.8023260487285055,-0.006002027558182049,-0.5368734774822446,0.7570064588438331,-0.2721997847667795,0.8465972020219462,0.5582902930405754,-0.04832212352387359
2018-11-08 11:50:02.689000,-1.3885480471485705,0.2428675195348146,-1.676590852343927,0.2332619751473398,1.6913393708127527,0.395370378638051,-0.46131959391407595,-1.0386400197330554,0.26800068150837086,-0.4060639743609482,1.0841655012462597,0.09319433854903048,0.8942776480964412,0.46117142696635305,-0.14393474863171207
2018-11-08 11:50:02.756000,-1.6739440016763774,-0.14725969943945566,-1.7193587215183588,0.23346245322145057,1.5659739843169602,0.5692764049552725,-0.5314904025685001,-0.8301787863223333,0.012971975672645908,-0.5493916781803014,0.8001202813888392,-0.3036117457707066,0.8650658154782205,0.5707879987228317,-0.028231104625608155
2018-11-08 11:50:02.823000,-1.6715028426035936,-0.14642762847432006,-1.7231857229791567,0.2338221944757389,1.5690087231161354,0.5773706304199112,-0.5324212154794344,-0.8227661728218383,0.012037977292740976,-0.5481904947431417,0.793650042836888,-0.3099576543263328,0.859410366559422,0.5596440181120547,-0.027055917488874343
2018-11-08 11:50:02.894000,-1.6833084426598464,-0.15613209888973034,-1.6865243363107918,0.19608749406763545,1.5542625128920264,0.5545340382557283,-0.5107062588327945,-0.8840371729207832,0.026211924258930513,-0.5749461587859575,0.8353665477920018,-0.30010773641099414,0.8956798823355467,0.6106954116471726,-0.03474098707155669
2018-11-08 11:50:02.957000,-1.6871545709198574,-0.15401052304470136,-1.6661070320733156,0.19178225907364907,1.538966387438676,0.5514589659618329,-0.5109231939346813,-0.8724009741038407,0.0323670033214129,-0.5742743008338587,0.8213721359896768,-0.31042654129230707,0.8719382575187438,0.6002856577585793,-0.041394038445432615
2018-11-08 11:50:03.024000,-1.6826831524104482,-0.15381504777391392,-1.6783866679468782,0.20007384236799694,1.5468815700200687,0.5490693027747108,-0.5130962342444029,-0.8842743094324127,0.032927480716273605,-0.5711918376855498,0.8408752113129022,-0.3109407122422849,0.8872311176575035,0.6099371606984884,-0.024177140942877803
2018-11-08 11:50:03.096000,-1.6898697372670561,-0.1553122629457795,-1.65985214035571,0.19601071878246742,1.5313434711338196,0.544683261022006,-0.5075891907487572,-0.8748182320794964,0.03417521454471481,-0.5741248964999404,0.8310702729560832,-0.31359823168965495,0.8738879994341283,0.6011236232404811,-0.03324237861439626
2018-11-08 11:50:03.158000,-1.6849574056301089,-0.14986157271522227,-1.6660380800088004,0.20040086035474788,1.5377236351759478,0.543288952359488,-0.5154962776555506,-0.8763606022949201,0.03975024650645609,-0.5839462251418971,0.8306723554085532,-0.3312278908779775,0.8674090604401374,0.6016543280127244,-0.021035606569597853
2018-11-08 11:50:03.227000,-1.6882670310031904,-0.15512180032277695,-1.6614274094002695,0.1900226554454171,1.5345066865476173,0.5398455006120022,-0.5048575997061325,-0.8861770871576534,0.045372360141784224,-0.5865546938673066,0.8473568753638657,-0.32471903158856374,0.8923411556453619,0.6085301011014367,-0.035930893523136345
2018-11-08 11:50:03.294000,-1.6883207207110384,-0.15711371765011833,-1.6643578220547903,0.1919357584288349,1.5372627200456401,0.5377670770432552,-0.5031057335714332,-0.896005971435812,0.04850200064284896,-0.5867690117313502,0.8627336283454444,-0.3310478049478732,0.9006323752831861,0.6165395094016801,-0.03579885070715018
2018-11-08 11:50:03.361000,-1.6908279446882837,-0.16385757377639498,-1.6589635064017314,0.18542629045967432,1.5291296424960226,0.5321939718427209,-0.49402775902976237,-0.9034316550794376,0.058232986086559496,-0.5800904820989994,0.878258617129023,-0.3127084031386056,0.9015720063248495,0.622105865864209,-0.035165898197895465
2018-11-08 11:50:03.430000,-1.685412496763576,-0.1677870101683574,-1.6788619681561365,0.18874231357239848,1.5415940559067065,0.5458195408569703,-0.49432703243809806,-0.9037240842117101,0.04790605763772704,-0.5588492922578838,0.8870698044532307,-0.2932031449545342,0.9007053122791779,0.6258751497523294,-0.03562957497265411
2018-11-08 11:50:03.496000,-1.6488135923551086,-0.1551002840998168,-1.7756439229724237,0.25019898870614155,1.6017615571883022,0.5922111675148112,-0.5228219259294598,-0.8558491928869153,-0.0204562666565479,-0.5164338224471917,0.8621901439795904,-0.255994277072612,0.9045500771014455,0.570547933770542,-0.038705566963080446
2018-11-08 11:50:03.563000,-1.006786252738756,0.38969563706449134,-2.1935410652487506,0.22604388587379334,1.3481361646269687,0.4788337173040561,-0.09623374985868888,-0.9986818267178075,0.24257873703996874,-0.5820916551645923,1.0962422723673555,0.3200946972531113,0.9616173015010113,0.2783203243186716,-0.20546580663244923
2018-11-08 11:50:03.630000,-0.4891541390176364,0.6184105274537566,-1.9507121050096354,0.16655649842079825,1.8661786751784408,0.9092723978990022,0.21069477550623428,-1.2200379023940289,0.08327683083377496,-0.680709639249884,1.2549682802937678,-0.05126873917333391,0.832995881003549,-0.0023145564782236228,-0.24521419829278313
2018-11-08 11:50:03.697000,-0.39748369042873466,0.04445555818309327,-2.1215100673767346,0.5752467484347348,1.981962513397796,0.7965460681505145,0.6892548987449489,-1.425032430176118,0.2529830101364311,-0.8107120281541726,1.0023713392784495,0.02404167481979602,0.624922807620594,0.05004337485888957,0.2490948869804544
2018-11-08 11:50:03.765000,0.3584325649788851,-0.7923795496236046,-1.7525848599271587,0.5165326724010209,1.939292248380721,0.829763833344305,1.013146336763095,-1.5345303133438455,0.09129761685781995,-0.9410808424499205,0.6825440450450364,0.26369516593668846,0.8115303141991895,0.22185215979916414,-0.005469184395478013
2018-11-08 11:50:03.832000,0.7949586252711396,-1.1248190063227852,-1.9156253084248631,0.6182291114070851,1.9783072036046305,0.9327336916535587,1.0829626878883325,-1.5983948412266777,0.13124245537358364,-0.9282802473602408,0.5819614604496405,0.5594655657505927,0.772286029752971,0.18629986040870924,0.046229675322089395
2018-11-08 11:50:03.900000,0.794683362551019,-1.1229875575376833,-1.9496129355511944,0.6206127409157711,2.015948194937066,0.9098761511083022,1.0793441949939586,-1.6773476277537362,0.15150987729629972,-0.9722182120902233,0.6769754867805049,0.46903988706922256,0.857624703411576,0.23055300165458095,0.004397138934100334
2018-11-08 11:50:03.966000,1.3962634152197984,-2.0635600789254367,-2.02747927337716,0.9835331527958733,1.9828233412736274,0.7317963454575346,0.4591053658275698,-1.4518748182548904,-0.19908858419188452,-0.7572904359706594,0.9710535985174388,0.16911979745749703,0.788732074398994,0.19126620494019583,-0.2368966782021632
2018-11-08 11:50:04.034000,2.06637311389305,-2.11906798778811,-1.9298866409189304,0.5425063090752189,1.9535568844011566,0.6464167214551042,0.08149358914177984,-1.3101846740418168,-0.12330242183990481,-0.7736841391707404,0.8794253834153627,0.06690694527632461,0.670343468780377,-0.2488153546469752,-0.714988614225716
2018-11-08 11:50:04.101000,2.2899508969048927,-2.2856212278333228,-1.656093698433332,0.36551638150647614,1.5717740959170798,0.5755445609435446,-0.2317810600510946,-1.3771625981734543,-0.1622055203801434,-0.7227025374384616,1.069218172703303,-0.1627668382052358,0.32089755072347714,-0.23370381877559945,-0.304237920621185
2018-11-08 11:50:04.168000,2.238646246606214,-2.5153064346632474,-2.0040439340734086,0.6948889557019234,1.6851704931801617,0.3255102009899418,-0.4194337853147283,-1.4191491601058506,0.045329684587808255,-0.6879799879167207,1.036852307883889,-0.37510426524353474,0.32400639422104327,-0.20971649145905866,-0.5780921105293979
2018-11-08 11:50:04.234000,2.1357496153643174,-2.578595671567313,-1.8439395890315091,0.9630630193667526,1.8062462162557442,0.2796154073277562,-0.43784244018485585,-1.3179111510703347,0.041698633200727836,-0.48367294145846695,0.8701119740176699,-0.38632434960101314,0.23085042283771973,-0.21127375382962219,-0.5684736923306228
2018-11-08 11:50:04.304000,2.2139922365186404,-2.556269394906656,-1.7579457311315105,0.7500686986438887,1.8582140496767634,0.41430907241172127,-0.36786722742254263,-1.15018260187202,-0.057785044138674246,-0.5811400297506889,1.0387311670445676,-0.577678780307968,0.4083959173754773,-0.5002100458754014,-0.9082037888450765
2018-11-08 11:50:04.369000,2.2791027921174276,-2.4652273500936066,-2.082532612300191,1.0241840459169602,1.5208097701464887,0.18470529517318798,-0.46533256048338134,-1.1209890873725343,-0.1605833563830242,-0.6171781764859339,0.9739508864528681,-0.4477117410967083,0.238286897252035,-0.2638721084525578,-0.9223742991929718
2018-11-08 11:50:04.437000,2.50135632911228,-2.402431122757496,-2.129063418723007,0.6939129069975343,1.5555224484411674,0.25050307008388034,-0.5879969479166763,-1.1300310672796121,-0.33551105056470204,-0.42442346364242484,0.8913426276189498,-0.5108679071745336,0.4088453941860556,-0.27203090537502483,-1.032134862928779
2018-11-08 11:50:04.509000,2.5355619900795308,-2.5163686703237067,-1.8955820610034697,0.6570483384457169,1.6703448032815156,0.14379825917346442,-0.6681087988846004,-1.1306042837830546,-0.05863686340625941,-0.30985900469307026,0.8773654987710466,-0.5575467992608883,0.26997193903664407,-0.5987978658114729,-0.6386107573825213
2018-11-08 11:50:04.571000,2.4633217886121717,-2.4981603664672205,-1.7294667561452706,0.7076672486096642,1.6089940551726027,-0.008425427457433722,-0.6984554578840609,-1.2063181158655127,-0.16859302664717699,-0.03586274367524167,1.0045249146624828,-0.6408305449885395,0.43019965000211646,-0.3953472090341186,-0.5483373669618636
2018-11-08 11:50:04.638000,2.4162224443755935,-2.4436118169405665,-1.5871183470451549,0.7861099703423156,1.6428902703587733,0.07018724415168828,-0.6834899380964434,-1.2291327929747873,-0.3879220104896063,-0.02299471224850469,0.7457805855843594,-0.42997623729148193,0.31000539042338515,-0.5735934550726722,-0.5819475604971124
2018-11-08 11:50:04.710000,2.466480179573102,-2.099123206622845,-1.536902086643365,1.073669344339636,1.432132574065031,-0.01450597897527798,-0.4876073981250917,-1.310880653032848,-0.47994931021273013,-0.09708404497558965,0.9945380884728094,-0.6317481187844468,0.29649852610410415,-0.41525079572791956,-0.7924661124411353
2018-11-08 11:50:04.773000,2.601275882544142,-2.0453139186280658,-1.6662291732850292,1.0340352687621197,1.3457509402137262,-0.1188694027912959,-0.5461919725393621,-1.2859754299220578,-0.40949146776579237,-0.02402359050464631,0.8068668315969321,-0.6913629085597222,0.5835352495525878,-0.4241607769810374,-0.6206197815911314
2018-11-08 11:50:04.840000,2.6393612415005974,-1.9633515059809927,-1.7256368021157158,0.7303676569814901,1.3937672232429938,-0.14243890532949924,-0.4729919582433465,-1.292929108392864,-0.14311612361652032,-0.24038523867157774,1.1173388608305665,-0.7360573959974233,0.6801458581419829,-0.4250337989118562,-0.9574370362438762
2018-11-08 11:50:04.907000,2.4306981659253886,-2.078339305298931,-1.5908445801481128,1.082268446842407,1.5574535334958073,-0.07246787130141921,-0.6531087783317464,-1.308830606883534,-0.4113826723150168,0.18065869974035648,0.9445360642062486,-0.7899650977916562,0.611869912970399,-0.358873031441723,-0.6272105710295064
2018-11-08 11:50:04.973000,2.3763202336942353,-1.92031408858197,-1.643137158876969,0.8644627102797298,1.4323918288305364,-0.0712321162256129,-0.5508917026506311,-1.0280667505051422,-0.05105668189723592,-0.07818147728610408,1.0361984085357685,-0.9476361650592159,0.5435919844140448,-0.3095784244003351,-0.43872930867193477
2018-11-08 11:50:05.041000,2.42105624041512,-1.777625400794598,-1.6615074169114699,0.5380050490506854,1.4982906175168018,-0.16131243517324326,-0.7111547053007851,-0.9796610382444148,-0.045134496785559405,0.08041041841999255,0.9682092135071098,-1.0787844396683703,0.7780565271509036,-0.38878287775025755,-0.7524058568661538
2018-11-08 11:50:05.109000,2.292212201605242,-1.69857641919117,-1.467375295291722,1.0937054116296179,1.7261010778312347,0.039697932665205014,-0.6793799174113635,-0.967201056007664,-0.24089513940240564,0.25816018424030585,1.1216463548078481,-0.8152766545790036,0.41379597690971304,-0.28167809994536974,-0.5801372692222991
2018-11-08 11:50:05.176000,2.5476467364413713,-1.6408991415251588,-1.797424611180649,0.8707664056293805,1.4045565932079098,-0.16467812798391637,-0.7594663445026885,-1.1642174545646804,-0.31042965940780104,0.34629919513594487,0.8371244937237824,-0.7833641150950243,0.5306542419519862,-0.27902670672075924,-0.8209663399535013
2018-11-08 11:50:05.242000,2.785527758526203,-2.026582171146934,-1.55319312980968,0.7937180369356417,1.72558208035962,-0.07949447898274534,-0.6365928146348274,-1.1578143426689316,-0.4723283621279213,0.024480175392435355,0.9249958280458928,-0.7529594465381559,0.5266378131978822,-0.7647008563062304,-0.5059236599507997
2018-11-08 11:50:05.311000,2.7982658225625734,-1.716505867557583,-1.5808218316962572,1.2479144410243226,1.6979105152397826,-0.15117516392515976,-0.6187375621313725,-1.2563967073459723,-0.3540553890323436,0.2513218644123618,0.896018315044113,-0.734314790336475,0.44106485336068957,-0.43463895050535384,-0.8945833491913068
2018-11-08 11:50:05.377000,2.8322391322129317,-1.9131940471109534,-1.6358564260883182,1.627802745383272,1.2256008591294267,-0.3654742301469371,-0.617401962494072,-0.9028531193231119,-0.7622860436653479,0.7043490168822414,0.412941611145059,0.11468009774625199,0.29270848033704777,-0.5208185702312508,-0.640085733398398
2018-11-08 11:50:05.445000,2.695604648691033,-2.445415937310586,-1.48919899709905,1.196256507205867,1.3603649525082366,-0.34000765825809637,-0.7544031570391281,-0.9364422573417585,-0.25593307440977936,0.4571853122106041,0.547180858796707,0.1774980052069512,0.3573213864014091,-0.8966433896910047,-0.7630685081088819
2018-11-08 11:50:05.511000,2.8542007275175925,-2.3644781586142867,-1.906952096790977,1.3574169799714308,1.3185320271630165,-0.3537498807742265,-0.6068005516767013,-0.847652157616621,-0.2883621525787811,0.38355977765325366,0.704826294224937,0.50265713848947,0.15280708147582894,-0.37651054046543075,-0.8919729368878071
2018-11-08 11:50:05.578000,2.7364167139172286,-2.5227050880409743,-1.7386007924274447,1.652505221622358,1.324054468658549,-0.23996277297108395,-0.30316940087321914,-0.4951898702091647,-0.260544158993067,0.5947624109327291,0.8892778132823065,0.8798318250236942,0.12612832335110336,-0.4559504359036268,-1.0026626158586682
2018-11-08 11:50:05.645000,2.6555052538040416,-2.6630793798466255,-1.4804287281389574,1.401725296228534,1.8471150280252617,-0.20538134067283212,-0.1992677227722403,-0.8691886445036693,0.1249852066150407,0.4069442817686074,0.623015893049999,0.87551458757759,0.618300644594877,-0.29744879575969696,-0.9799199434432946
2018-11-08 11:50:05.719000,2.4506595128455624,-2.552824336612015,-1.5639403015911666,1.4417591319669998,1.7082741341767178,-0.11808225481035642,0.39446673835218227,-0.6202580549417165,-0.11766861689574698,0.2859406183085111,0.45277435459005666,0.7358597552178208,0.7320657222422717,-0.11150385256371695,-0.8306657726467181
2018-11-08 11:50:05.780000,2.0600254725262808,-2.2188973250723993,-1.9964313069337303,1.5054963659249494,2.0670598796854853,0.3085388480206546,0.931130347216258,-0.8181240202372734,-0.13088508293989304,-0.23158305042178404,0.639111905972879,0.6385766075095932,0.9451531912473289,0.17362113220848155,-0.8261530043618536
2018-11-08 11:50:05.847000,2.038426621122065,-1.7724574277903882,-2.070141555564462,1.2102952737264134,2.1932002125508387,0.6027732781201468,1.5564788271327483,-0.642233006232445,-0.03586427771554909,-0.38819440617230383,0.6348331565522453,0.7045507873389275,0.8279861531817835,0.1261156853509575,-0.49536482722538505
2018-11-08 11:50:05.915000,1.399040016130864,-1.6364829537109251,-1.7671649111568066,1.2947902367645496,2.244065442577583,0.9091586730427615,1.817055200214345,-0.6652166362418207,0.06257128359130587,-0.5065403778450699,0.3748635993009841,0.6105998193461534,1.0704554025424518,0.1297948732276797,-0.4577025085546163
2018-11-08 11:50:06.001000,1.1833200966701782,-1.2323851013596356,-1.896743811768794,1.0247720114663066,2.0723343118404696,0.9051423737789668,1.6680688521951432,-0.8776172510596459,0.07283992158827865,-0.5677984362778014,0.2728511280895676,0.7313188713222638,1.1383561872644097,0.11507017381194687,-0.07772885209893533
2018-11-08 11:50:06.050000,0.6145314354389249,-0.7295312367233691,-1.8584792311153773,0.9699504829533687,2.101125536672766,1.1156303764250683,1.9286157483192632,-0.9967927082185964,-0.06643619590043115,-0.5055690666475162,0.6883457635954445,0.5379621985197397,1.004496687281231,-0.27346028992868154,-0.14974432378569813
2018-11-08 11:50:06.117000,-0.01228251465559449,-0.36928367094290826,-2.0294414395598297,0.3748219010057575,1.5880142146120164,0.9333433270942932,1.4555907264118204,-1.0190643532568922,0.30627587193232436,-0.38907679472090395,0.8226315374139394,0.17868807905084585,1.1673802389542862,-0.3261896149608593,-0.04441552670085076
2018-11-08 11:50:06.184000,-0.7981547896605286,0.026381955095250376,-2.080092003012389,0.5748237449031045,1.4223423566444993,0.7077950526630158,0.6588061827784656,-0.8501178540565701,0.07684974465896999,-0.40234972987552714,1.2771694388900894,0.38522302593253743,0.8563057524812773,-0.09558676234949756,-0.1285722469857034
2018-11-08 11:50:06.251000,-1.111358608060406,0.22667548310376878,-1.8991434857792704,0.029027325989442326,1.3621113302180483,0.5103880349095352,0.1873356048067366,-1.0282617681382267,0.15858641783207816,-0.483852687979204,1.2105023065421106,-0.0008365811434029868,0.978758286801327,0.10654053758843066,-0.2876660297888032
2018-11-08 11:50:06.319000,-1.3059556564683945,0.2152954044910163,-1.784788367127755,0.13698489850940662,1.50110577237976,0.48773867200578186,-0.17734511048196544,-0.8943338246353721,0.13080700765986353,-0.5061237389735791,1.157144343284253,0.07962897327822549,0.9118436392188957,0.26650103842913886,-0.3386358485794976
2018-11-08 11:50:06.386000,-1.4416317491624953,0.13869007846458853,-1.6857942832566541,0.22159905019220813,1.5487176992914014,0.5130847299074643,-0.34484649881191526,-0.9514191394232311,0.1938300614246713,-0.5729910022267704,0.9723208940840329,0.05915478090424753,0.9249889341737837,0.2620519255186161,-0.4003381591636542
2018-11-08 11:50:06.453000,-1.7190020678444244,-0.1813807506052164,-1.62248304013984,0.16145172721608717,1.466089763732549,0.5658963358180581,-0.48431271246894547,-0.81449013085092,-0.028435041410370954,-0.49295015601993725,0.7346019956293244,-0.15907110051207735,0.823325581768662,0.6034278711309287,-0.1011436757804783
2018-11-08 11:50:06.520000,-1.7164523479359874,-0.1609542103321439,-1.6108148386697205,0.20305638410253665,1.4428488149021672,0.5308464180305261,-0.4892383086406167,-0.828519807933529,-0.013702302741894934,-0.5180082201954925,0.742851690552994,-0.22332136561131594,0.816468425823568,0.6040550693983007,-0.040898619240559916
2018-11-08 11:50:06.587000,-1.6878192416185436,-0.12888272730655365,-1.6881474982591893,0.2389724718145899,1.4787659434643978,0.5332683812338637,-0.5024644278754369,-0.8601420341376961,-0.005304148006755854,-0.5445373706625175,0.7468767812511168,-0.22566653915743173,0.8191207939251979,0.6480425620911701,-0.04784184703548432
2018-11-08 11:50:06.655000,-1.6674918316688312,-0.09309405191988296,-1.7355514394417164,0.26915052339463597,1.4835891213221521,0.5306455086314412,-0.5166139289765851,-0.8665588044574274,-0.011927736626743735,-0.5642880301498865,0.7261067142262163,-0.23326785277920858,0.7955848914009352,0.6775982929231289,-0.06253094753168838
2018-11-08 11:50:06.722000,-1.2482496681661623,0.5196619046594391,-1.8183968176741945,0.43164793717823213,1.597401067722745,0.3897849676093072,-0.4468141891116023,-1.1142127349888817,0.22874318405828914,-0.7330874086062946,0.9643247019368958,0.21460199020143944,0.8860939662813383,0.4670105318773192,-0.3603857682522915
2018-11-08 11:50:06.789000,-1.642297184343192,-0.05293695438306856,-1.8180502159957113,0.2833718663982878,1.5118063094908687,0.538196084790775,-0.5251708329723176,-0.9077440384240103,-0.01985146740636301,-0.618852996070105,0.7101553106094606,-0.22786588725262197,0.824937840145061,0.7465307012091296,-0.1447001403660791
2018-11-08 11:50:06.856000,-1.6341557880314448,-0.03366220821346427,-1.835534364247362,0.2968717536377893,1.5089788472063708,0.5304020616103728,-0.5270820626695957,-0.920764067437088,-0.019942178397541782,-0.6356487128717732,0.7051244967158535,-0.2324062923344578,0.829262024914222,0.7647177410459916,-0.14920455636650642
2018-11-08 11:50:06.924000,-1.6211959022810318,-0.019597403446844075,-1.8737776396170347,0.31133919849895875,1.5252113626964832,0.5351010567713612,-0.5307596879616168,-0.934765952400209,-0.025267850413240617,-0.6515227305658755,0.7017803540483362,-0.24070948642469248,0.8460917017025562,0.7791753904871749,-0.1538459703879242
2018-11-08 11:50:06.990000,-1.6144388546410977,-0.016322508014032622,-1.8882839801065419,0.31929605444475906,1.5393797104965692,0.531091581685325,-0.5378039324766838,-0.9462984411235008,-0.014872045520144983,-0.6640594947780019,0.720865783784284,-0.250020879791602,0.8467097395133032,0.7879604241515711,-0.14862434472725655
2018-11-08 11:50:07.057000,-1.5697653127803801,0.031233849096779398,-1.9768596041257849,0.378316371082418,1.575635530284831,0.5620813513535649,-0.559162707974054,-0.9129035090844533,-0.04362957932749768,-0.6645543694869569,0.6884499170880783,-0.273139575824817,0.8306324280244716,0.745528756869094,-0.21126424679107253
2018-11-08 11:50:07.124000,-1.59356857373555,0.007312134292747352,-1.9534207535675032,0.34535467102532824,1.5661936771869511,0.5354787353485809,-0.5454172706432977,-0.9808746204405634,-0.031002319495351066,-0.6691251568236293,0.7235320395898271,-0.23727003120241613,0.8732195689657013,0.8234461977348164,-0.1564498966925128
2018-11-08 11:50:07.192000,-1.5943889383196455,0.009944706829404792,-1.9269638439826244,0.3475310686715033,1.5546298542380983,0.5203280602211945,-0.5464182080199024,-0.9744875098575582,-0.004379557259959227,-0.6911435670851711,0.7413547309033668,-0.2957595577761432,0.8618672070055198,0.8108310985668076,-0.1332257470162414
2018-11-08 11:50:07.259000,-1.5958598864682658,0.004711124679690426,-1.9474527120913754,0.3536326317224171,1.5622485800142458,0.5201595557034079,-0.5371895834316932,-0.9878663239319235,-0.016613298263006532,-0.6883607189726331,0.755216197538003,-0.26114461185842697,0.906195744927193,0.8210870877083525,-0.12437125678049209
2018-11-08 11:50:07.327000,-1.5885336085567348,0.008901699302998,-1.9698903155746954,0.36151703062330753,1.5799729322045744,0.521654258125942,-0.5428464526058715,-0.9980358671743658,-0.022152114146553353,-0.702932359377593,0.7562617492710711,-0.2760481215856003,0.9125112015743985,0.8312075048485109,-0.13115882328945927
2018-11-08 11:50:07.394000,-1.5914515993169185,0.01828599209681797,-1.943489988737221,0.3472182217060641,1.5603231334061836,0.5244662327254691,-0.5493136731892347,-0.9770672069401957,-0.011842851961038264,-0.7132691376866147,0.7193634059343681,-0.29466401990086916,0.8703878174905052,0.815813160373791,-0.1504081267145706
2018-11-08 11:50:07.461000,-1.586940822179647,0.016225780597615147,-1.956740503766817,0.35071450771476165,1.5675423368956822,0.5290963081563076,-0.5483714939026014,-0.9741166871820232,-0.017266069153164587,-0.7031999640584133,0.7254943115346175,-0.2879688271202055,0.8743363818180238,0.8111864592434458,-0.13939850276232124
2018-11-08 11:50:07.529000,-1.589575980347083,0.0117030527693891,-1.947649634228576,0.3455331957786614,1.5610532070257284,0.531532089045743,-0.5432009956204674,-0.962700680310837,-0.020017099116567433,-0.6898761971344325,0.7220009145733577,-0.2743690018816847,0.8608008890606909,0.8030564238213297,-0.14080587008339146
2018-11-08 11:50:07.596000,-1.5923655659815978,0.011545186606988,-1.94528963602391,0.33930446071438436,1.5496002051937876,0.5168638156773713,-0.5332977600286288,-0.9769388137972359,-0.009711502272930272,-0.7163526178687629,0.7393183212991955,-0.29228196336572454,0.894868230160023,0.8113102309525767,-0.14072279478966299
2018-11-08 11:50:07.663000,-1.5175552949523716,0.08733345516863239,-2.1230083138735782,0.5215604944462412,1.612779770358128,0.5397126841749146,-0.6006796620852835,-0.8760814437842896,-0.018413257680412798,-0.7239275633260795,0.6670489324292238,-0.4058300703376553,0.8924154622700065,0.6899497556551094,-0.15236641510157328
2018-11-08 11:50:07.730000,-1.5772567885119118,0.015431732701007617,-1.9910213021600451,0.3624870710249891,1.5769604329489608,0.5181971722557741,-0.534072830940399,-0.9983467463767427,-0.017647820747609705,-0.7103058949897768,0.764243450900874,-0.28332994310595966,0.9193522221988112,0.8266053611464594,-0.10967987877526754
2018-11-08 11:50:07.797000,-1.5703517414362875,0.02356546090337841,-2.0092753120146063,0.3670895619795802,1.5898478657522832,0.5261351354601246,-0.5391192501977857,-0.9969894994544681,-0.024050828355158038,-0.712713855782395,0.7618734559926797,-0.2880697834420243,0.9129575403224389,0.8260766978405127,-0.12686358913301687
2018-11-08 11:50:07.864000,-1.0889220847607848,0.5226287056309575,-2.0373870580709106,0.5144747629444788,1.5994657109326902,0.29908976950780525,-0.436395710942974,-1.2474852737836635,0.1757497251047513,-0.5065819941362485,0.6589619981597021,0.10747862104512051,0.9186025749498475,0.5917081835284534,-0.1658058181819293
2018-11-08 11:50:07.932000,-1.0723275169326811,0.5008741194461874,-2.100701943825252,0.3501526318071988,1.7133728893045514,0.31475711644471394,-0.2754153396981112,-1.35106279493169,0.36593135515717745,-0.607813875535887,0.9098232330023767,0.07838836925166648,0.879525974496808,0.401028799712828,-0.19467774117648934
2018-11-08 11:50:07.999000,-0.6673222217612762,0.9630866244529321,-1.7221622858622083,0.46912006988850985,1.8556178759266162,0.6959045260874761,0.07885650463645677,-1.458845445201321,0.010454214310605892,-0.4515341021383674,1.0664309434524206,0.16101803257048936,0.8149247252867922,0.21241053945308255,-0.1410770557797431
2018-11-08 11:50:08.067000,-0.17363824037959352,0.5651036246485153,-2.5251311644532506,0.3368177696530378,1.7038355396509257,0.6871400021314755,0.3312504948339069,-1.2960969634575457,0.49481982898727284,-0.6782597507427898,0.731122206873255,0.3772480350262122,0.9151642421184293,0.20160079321228822,0.3227055631701733
2018-11-08 11:50:08.133000,-0.17548449140151146,-0.12469455797177076,-2.483322226998929,0.8148942083667396,2.004475375610257,0.7197812304414558,0.9522279887393306,-1.1904938804867913,0.16371107501451243,-0.7513045152240175,0.6891713837541786,0.022894391692796723,0.7219691964444571,0.3050842902881642,0.11562653285664783
2018-11-08 11:50:08.200000,0.2005238049601319,-0.5986380409278447,-2.306167941550463,0.7304126845519784,1.8008156446540626,0.47436986587778934,1.3580004688660074,-1.54403707598266,0.16905518998953206,-1.0951701239705351,0.572431108998372,0.38435144107119656,0.7636204767688594,0.3621817270952997,0.040536517588022306
2018-11-08 11:50:08.267000,0.8640221996503152,-0.8008763927888056,-2.4620989200262002,0.7376634775869411,1.9070489176471015,0.7315711585989855,1.0280413079845672,-1.4433446599949669,0.050899335220086106,-1.318713873988902,0.5173218801400045,0.2215559194724706,0.7596782890897648,0.2560210748884221,0.005366600671208602
2018-11-08 11:50:08.335000,1.3625789534140789,-1.1720658743322836,-2.2541121655636247,0.5966861941269832,1.8580561385976901,0.6574003991079793,1.0739036319441073,-1.777676684150402,0.06217384639518714,-1.4009062653561948,0.5133773217053061,0.2621284861550201,0.6292938422828674,0.2660100102602909,0.13466479177629814
2018-11-08 11:50:08.403000,1.6366392420761606,-1.4971547768143405,-2.27599068230503,0.7870332524347199,1.8798659399656787,0.8058144237593525,1.0707456206204657,-1.6288124327994755,-0.2745730775174491,-1.0636014181273206,0.568675844668398,0.23773016059167867,0.8307543296381281,0.1951673038290088,-0.7608292754503986
2018-11-08 11:50:08.469000,1.7995950341978384,-1.7213325751728694,-2.1404551106260232,1.0199552901471667,1.9663221798045107,0.7047886551433258,0.6639083796563382,-1.5825518627373378,-0.3646869808711485,-1.0002283728196355,0.5547541331189385,0.41035020024106456,0.5710765946502893,0.29176565417827427,-0.4084234973703424
2018-11-08 11:50:08.536000,1.9345032076921571,-2.1224755535146076,-1.862135690393875,0.7794194446215983,1.986342883373903,0.7819001447587977,0.44837111471939906,-1.4250669726586835,-0.5076449109815975,-0.7456356851431294,0.6820963023953728,0.19642607992273575,0.5814838423361967,0.20991066611597545,-0.6292311462839602
2018-11-08 11:50:08.605000,2.3437477012508694,-2.259775133410702,-2.245614658805504,0.8665541475198122,1.9587934298912542,0.42518291072844233,0.2988861965533688,-1.2831396940089659,-0.13624664699967554,-0.8771473214107083,0.7739906289789085,-0.061262885806705025,0.43585163165047214,0.11508667234844808,-0.591998196544437
2018-11-08 11:50:08.672000,2.548305605036113,-2.3534953633702718,-2.2660310479616212,0.9193557599137234,1.603215241561938,0.2472769469348209,-0.07600465385916388,-1.294450343800057,0.030248042775420536,-0.7872940731412413,0.6318761506386574,-0.2576926378594282,0.3471629718890342,0.20948870614714574,-0.6514712969995093
2018-11-08 11:50:08.738000,2.667381647764655,-2.3144219760088407,-1.9886884809525638,0.8720533227034033,1.8686443711018397,0.3929365874165205,-0.17662345476622704,-1.303539920573356,-0.22278778530378002,-0.6863290405449781,0.8729560600003498,-0.4088037574306951,0.21578197486249806,-0.030208958091354904,-0.6101496375388006
2018-11-08 11:50:08.806000,2.707809554534946,-2.3815488658524235,-2.069681607282103,0.9210364297115923,1.9529748611110622,0.1618084938696743,-0.34686983025229995,-1.3538332771084145,-0.151314184885446,-0.6768840198185165,0.8019546681484407,-0.44820061953908563,0.2503054943641456,-0.14227838814902224,-0.8694876754794338
2018-11-08 11:50:08.872000,2.768316565095571,-2.4971998405913967,-2.0870193364078204,0.840719385426322,1.8239780238500551,0.14225729038650567,-0.3153690740694086,-1.3623294497126366,-0.12814894542682206,-0.5559091780594728,0.8097859186317828,-0.5948800500645487,0.38507119301010656,-0.15651375827314304,-0.7112396483552831
2018-11-08 11:50:08.941000,2.6522999016657396,-2.399591848400138,-2.093842280419192,1.2374379252338832,1.9586362897040375,0.28761060394154964,-0.1908504710946149,-1.0836636891172031,-0.3041481456675489,-0.489768873147339,1.0378374406110726,-0.33428390368333105,0.3130914557079856,-0.19127526428244954,-0.6863366199768625
2018-11-08 11:50:09.008000,2.6329847595129845,-2.557353806240908,-2.27682128013448,0.9776059786659026,1.8561654214139818,0.23715436211715166,-0.42706633484912604,-1.090563454805081,-0.20301096298774374,-0.5450074716213692,0.8792519703353467,-0.5037431090243741,0.47050511370018133,-0.0865946589485592,-0.9824448158649954
2018-11-08 11:50:09.075000,2.8634423092898036,-2.206639084121048,-2.0686362081284186,1.184722252606496,1.7794688824608729,-0.024457904953154176,-0.40845890843463606,-1.3319872665306765,-0.07940010168293164,-0.7650043387041335,0.9954896171910327,-0.683178991835104,0.1901391417153887,-0.20289773994384994,-0.9174192518062564
2018-11-08 11:50:09.142000,2.681392858340862,-2.4007054770769924,-2.035597300553327,1.3033808739713222,1.7959748758805865,-0.05315144337951886,-0.438495500321588,-1.3010452556714405,-0.10446308656462194,-0.4888038423955028,0.9545028633615789,-0.3675072620487303,0.3411912477881981,-0.19186054828672847,-0.8623936504577783
2018-11-08 11:50:09.209000,2.8066393941999754,-2.2710265862787264,-1.9548847932768745,0.9932976319925975,1.8065447081820025,0.029268560015907462,-0.29502194923603,-1.2254213593355536,-0.3158420401968308,-0.3498730597968671,1.0254048341760564,-0.29607726421076475,0.6519549774542958,-0.31905705405029694,-0.9221052496250942
2018-11-08 11:50:09.276000,2.737938160976449,-2.2694204763781167,-2.081250000119736,1.2695218901692238,1.7055795288872977,-0.03425338268975101,-0.3195233894601974,-1.073608616859984,-0.34320231297137227,-0.42142963884255746,1.0043323606264056,-0.4219625986470256,0.5466463022081903,-0.141861011917611,-0.8066823617653525
2018-11-08 11:50:09.344000,2.996364898869717,-1.8605846372004646,-2.225483513369846,1.1662291072579754,1.5619596075244915,-0.15164583429657166,-0.23469546157466464,-1.2548818696530903,-0.39956493921793534,-0.4831157749864696,1.0399590716342841,-0.4784617309228537,0.6237385461010936,-0.1818100709167206,-1.1938085613104763
2018-11-08 11:50:09.411000,2.684499250345028,-2.2786015228987258,-2.0249308679500846,1.3420803874762077,1.8341204427626097,0.0013010481341071065,-0.33809370940534006,-1.2874486197165214,-0.37324618647715535,-0.2961899768626356,0.9037470296848946,-0.41024202222462564,0.7335379213160859,-0.22175058799168065,-1.1331525028262839
2018-11-08 11:50:09.478000,2.7718322220013754,-2.2639801799795243,-2.067043809244003,1.3028499321832,1.8634649828610206,0.03525945438716956,-0.3495319376205857,-1.2627219279253217,-0.37827520491523237,-0.2615896064600596,1.0096346662496474,-0.48610322527241956,0.6390659684963288,-0.3087838263975493,-0.954172909579343
2018-11-08 11:50:09.546000,3.1040683301603282,-1.9155493766158096,-2.1109953376195185,0.968943583224835,1.6632231645080058,0.09602022070749447,-0.22493074426567744,-1.2816953473280095,-0.3455477651333459,-0.3663471811174729,0.868555247716579,-0.5300178917437844,0.7705052812544703,-0.4164792086090603,-1.3396973096557645
2018-11-08 11:50:09.613000,3.0159355968656962,-2.1388405635845724,-2.172531118116158,1.254902557057048,1.80225462373375,-0.10332597605071939,-0.42166169320400704,-1.1448280826906043,-0.38717560756893166,-0.23188234182236456,1.0077749784222414,-0.43500710151048705,0.5397765262382151,-0.33389964001033956,-0.9618927911370083
2018-11-08 11:50:09.680000,2.96043676030832,-2.2724477178515543,-2.3077609129002465,1.1131711430064481,1.9041571105660773,0.035848662752804926,-0.6011543202120136,-1.165621429638594,-0.2554573028375534,-0.28589838037300963,0.8129389929661348,-0.4566597397328074,0.6898109795865041,-0.35514104221349807,-1.0764301643184349
2018-11-08 11:50:09.747000,2.788668418075016,-2.2759299153344386,-2.1845726930299207,1.4047430853619514,1.9055647646912348,0.02686091606770754,-0.5078866149763521,-1.104857674642332,-0.3909477488463493,-0.14653320220949234,0.8885515675821155,-0.3348089379349532,0.5853806017226224,-0.36271545284151985,-0.9063739050404631
2018-11-08 11:50:09.813000,2.869242462858124,-2.163399626359327,-2.2833050203861207,1.2430018122775897,1.7982239437720633,-0.09451253276997443,-0.43099063627098577,-1.2462619512165736,-0.421292763133157,-0.30362958014844466,0.9525166117945444,-0.36104424945917435,0.7082470301501594,-0.27874654911915586,-1.0686946757510953
2018-11-08 11:50:09.881000,2.8837592094555218,-2.11250003832984,-1.9990808551535333,1.3641036239473554,1.9326499005937121,-0.0296239557122984,-0.5060710161320162,-1.332269536121465,-0.36661189523673593,-0.37411952675924326,1.0656161015233103,-0.4749908509328441,0.7012971690023532,-0.3002439105557212,-1.0122362411455534
2018-11-08 11:50:09.948000,3.0661632013820075,-2.0278621677725646,-2.1993757004073005,0.8565933404316728,1.9108371865333815,0.021287687881413407,-0.5450109554247211,-1.264239312135731,-0.3197437117309968,-0.28467686994294633,0.8668146779859642,-0.5123369103681689,0.9393484374659135,-0.4883679694476011,-1.2619004840387136
2018-11-08 11:50:10.016000,3.0256458714606493,-1.898994916437943,-2.1101041663890907,1.2532174310625106,2.1213492729322434,0.133416430135709,-0.4940948112984498,-1.3063336493769342,-0.49226837928037415,-0.436018424608119,0.9423147359606969,-0.4817522450196492,0.7781656673515193,-0.42695594274676596,-1.5705417562322288
2018-11-08 11:50:10.082000,2.8840106417397653,-2.178723718263679,-2.2980178008523646,1.324604848906707,1.9899254942698787,-0.035050059811961,-0.5283458191810689,-1.2083242565223624,-0.331564713747904,0.044116460444093786,0.90218773597497,-0.3966505911382498,0.7125209572772804,-0.3807937424402652,-0.7678179456329246
2018-11-08 11:50:10.149000,3.0728717045573584,-1.8576944526074826,-2.2770872193937954,1.2186801628021346,1.8410908616580985,-0.03636287642552186,-0.4038258947522272,-1.1518156572119647,-0.40538692510213536,-0.3606915198536253,1.1300574627355224,-0.23986001695626608,0.5246422562994829,-0.41868855666371463,-1.0729585776079797
2018-11-08 11:50:10.218000,3.1981577313163667,-2.059816375514399,-2.112531701489817,0.8498685076894881,2.033644932722458,-0.0441737562492616,-0.659137151119912,-1.19308813072552,-0.47363153454793594,-0.5173556197296354,0.9990155955229864,-0.26014994410692527,0.6035700037562036,-0.512119472354985,-0.9272612975778625
2018-11-08 11:50:10.285000,3.10459467206579,-2.019357625203201,-2.0953485887869023,1.0129304048310954,2.091303410177489,-0.04320831685924679,-0.666191458049548,-1.2247063159793041,-0.24685513312301122,-0.23050016035010285,0.6723377058255647,-0.30680239146274063,0.5600224730728419,-0.43884272982570216,-1.3447794620976552
